1000
1001
1002
1004
1006
1009
1009
1013
1015
1018
1020
1021
1024
1026
1028
1032
1034
1036
1038
1040
1040
1042
1043
1043
1047
1050
1054
1056
1058
1059
1059
1059
1062
1066
1067
1073
1075
1080
1083
1084
1087
1090
1092
1096
1096
1096
1099
1099
1102
1102
1102
1103
1105
1106
1108
1110
1113
1115
1117
1119
1120
1121
1122
1126
1131
1133
1136
1138
1140
1141
1143
1149
1149
1151
1153
1153
1158
1161
1162
1168
1173
1178
1181
1182
1184
1186
1188
1188
1189
1194
1194
1196
1199
1204
1207
1208
1208
1212
1216
1219
1224
1226
1231
1233
1236
1240
1244
1246
1247
1248
1248
1249
1250
1255
1256
1258
1261
1262
1264
1264
1267
1267
1271
1273
1276
1277
1280
1282
1283
1284
1285
1287
1290
1292
1297
1304
1306
1307
1308
1309
1312
1316
1316
1317
1320
1322
1323
1324
1324
1326
1327
1332
1334
1334
1336
1338
1338
1343
1344
1346
1347
1348
1348
1348
1349
1350
1350
1351
1351
1354
1355
1355
1356
1358
1360
1363
1366
1370
1371
1372
1375
1377
1378
1379
1380
1384
1388
1390
1392
1396
1399
1400
1401
1402
1404
1404
1405
1408
1408
1410
1414
1416
1420
1424
1427
1429
1431
1432
1433
1434
1438
1439
1442
1446
1448
1449
1450
1451
1452
1454
1456
1457
1457
1458
1459
1463
1470
1471
1473
1476
1478
1478
1480
1483
1486
1489
1491
1494
1495
1499
1503
1507
1509
1509
1511
1515
1517
1523
1525
1530
1533
1536
1538
1538
1540
1541
1545
1547
1553
1554
1556
1561
1564
1564
1565
1565
1567
1568
1570
1570
1572
1575
1576
1578
1579
1580
1584
1584
1584
1584
1590
1591
1595
1597
1599
1603
1605
1607
1611
1611
1613
1614
1617
1617
1620
1620
1622
1622
1625
1627
1630
1632
1633
1635
1635
1637
1638
1640
1643
1646
1649
1649
1651
1654
1655
1655
1658
1662
1665
1670
1672
1672
1673
1678
1682
1686
1687
1689
1691
1693
1696
1699
1703
1704
1706
1707
1707
1709
1711
1712
1713
1718
1721
1721
1722
1723
1725
1729
1731
1732
1733
1738
1739
1740
1742
1744
1746
1747
1748
1750
1751
1756
1756
1757
1757
1758
1761
1762
1763
1763
1763
1763
1767
1770
1773
1774
1775
1779
1780
1780
1784
1787
1789
1791
1794
1794
1797
1800
1803
1804
1808
1809
1810
1812
1813
1814
1815
1818
1820
1823
1825
1828
1830
1833
1836
1839
1839
1841
1843
1847
1850
1852
1854
1856
1857
1861
1865
1868
1871
1872
1875
1875
1877
1880
1882
1883
1884
1887
1889
1891
1896
1898
1900
1901
1903
1904
1905
1908
1912
1914
1916
1917
1918
1920
1922
1924
1926
1927
1929
1932
1934
1936
1938
1940
1946
1949
1952
1954
1955
1958
1961
1962
1966
1967
1967
1969
1970
1974
1976
1979
1982
1983
1985
1988
1991
1994
1996
2000
2000
2001
2003
2003
2004
2005
2005
2009
2011
2012
2013
2015
2016
2017
2019
2022
2023
2023
2024
2026
2027
2032
2033
2034
2036
2037
2041
2045
2045
2047
2048
2051
2052
2056
2059
2061
2063
2066
2068
2068
2071
2073
2075
2077
2080
2082
2084
2087
2087
2087
2090
2091
2091
2096
2098
2101
2104
2108
2110
2113
2113
2118
2120
2122
2124
2124
2126
2129
2129
2132
2135
2138
2140
2141
2143
2147
2148
2149
2152
2154
2154
2155
2155
2155
2157
2161
2161
2164
2164
2165
2166
2167
2171
2173
2174
2175
2179
2183
2186
2188
2190
2191
2194
2195
2199
2202
2205
2206
2208
2211
2212
2214
2216
2216
2217
2220
2223
2224
2226
2229
2231
2234
2236
2236
2237
2238
2242
2245
2246
2246
2246
2249
2251
2253
2255
2259
2263
2265
2268
2271
2271
2273
2275
2277
2277
2277
2281
2285
2289
2291
2293
2295
2296
2299
2301
2305
2306
2307
2307
2310
2316
2319
2321
2323
2326
2329
2329
2331
2333
2334
2337
2337
2338
2343
2344
2345
2346
2346
2346
2346
2350
2352
2353
2355
2357
2357
2360
2361
2364
2365
2367
2369
2374
2376
2377
2377
2378
2381
2384
2384
2385
2388
2388
2393
2396
2398
2399
2401
2407
2408
2410
2411
2412
2415
2417
2420
2421
2422
2423
2426
2427
2427
2432
2434
2436
2436
2443
2443
2444
2444
2447
2448
2451
2454
2456
2459
2460
2460
2462
2463
2467
2472
2472
2472
2474
2474
2474
2477
2479
2480
2483
2484
2485
2486
2487
2489
2491
2494
2496
2498
2501
2502
2505
2505
2507
2507
2510
2511
2514
2515
2515
2517
2517
2519
2521
2522
2523
2526
2527
2530
2533
2535
2537
2539
2540
2542
2542
2547
2551
2552
2555
2555
2558
2559
2562
2563
2564
2565
2565
2567
2569
2571
2572
2572
2575
2576
2577
2577
2577
2579
2581
2583
2585
2587
2588
2589
2591
2591
2594
2597
2599
2600
2606
2609
2610
2614
2617
2620
2621
2622
2624
2625
2626
2628
2632
2633
2634
2634
2637
2637
2642
2642
2644
2646
2648
2650
2650
2653
2654
2654
2655
2659
2661
2663
2664
2666
2668
2671
2672
2676
2680
2683
2684
2687
2688
2690
2693
2697
2699
2701
2702
2704
2706
2708
2710
2710
2712
2716
2719
2721
2722
2724
2726
2727
2728
2730
2731
2731
2731
2735
2739
2744
2745
2745
2747
2752
2753
2753
2754
2755
2755
2757
2758
2761
2763
2765
2769
2771
2773
2775
2778
2778
2780
2781
2783
2787
2790
2792
2795
2797
2801
2803
2806
2806
2807
2808
2810
2814
2815
2815
2816
2817
2817
2817
2819
2822
2823
2823
2823
2825
2829
2830
2831
2832
2833
2836
2838
2838
2839
2841
2843
2843
2846
2849
2851
2853
2856
2857
2861
2863
2865
2867
2869
2870
2872
2873
2874
2876
2877
2881
2883
2886
2887
2888
2892
2894
2899
2903
2905
2906
2908
2908
2910
2917
2921
2923
2925
2927
2930
2930
2932
2934
2936
2939
2941
2945
2946
2949
2949
2953
2953
2958
2959
2959
2961
2962
2964
2966
2971
2973
2977
2983
2988
2988
2989
2990
2991
2994
2994
2997
2998
2998
3001
118
835
709
785
237
505
473
943
382
201
116
81
11
39
740
371
579
452
217
514
31
753
298
6
843
124
803
256
794
460
484
736
611
172
546
142
906
553
95
959
424
224
560
683
916
691
184
139
842
279
810
447
353
982
680
195
382
417
198
256
710
10
607
766
673
185
452
179
443
535
676
254
247
516
961
623
171
894
223
215
79
226
936
631
453
814
533
6
184
292
712
531
956
848
866
687
508
643
698
526
278
96
256
316
749
791
760
884
62
314
227
445
831
182
583
122
844
897
879
410
230
405
205
949
131
656
858
550
266
53
339
854
786
378
969
68
486
350
622
640
65
266
693
992
607
489
826
80
213
292
408
122
952
474
320
188
580
483
958
636
658
355
384
357
907
734
657
847
867
609
865
900
414
792
36
816
218
970
69
381
5
306
830
168
356
239
689
664
631
503
953
547
890
690
953
514
413
158
934
467
432
527
679
952
854
763
330
208
499
591
17
759
49
288
636
995
446
681
930
436
806
131
234
114
766
345
574
735
845
831
850
945
803
534
805
399
975
156
911
954
468
563
198
555
833
349
453
695
190
987
832
329
588
376
231
463
977
829
99
836
597
5
401
173
0
726
731
407
787
602
336
522
56
147
72
942
696
539
12
763
373
670
305
590
814
917
980
751
708
61
98
466
227
977
781
408
446
841
596
842
149
212
884
175
243
711
967
282
175
507
800
576
23
935
236
413
16
998
258
400
662
624
311
529
122
237
535
858
133
666
503
224
951
546
569
465
388
327
431
411
210
648
103
729
595
90
290
416
223
247
415
511
626
83
531
35
466
15
252
118
608
757
495
545
465
138
259
358
134
998
597
349
563
288
33
881
947
533
55
938
407
187
244
23
758
39
901
259
32
340
595
509
183
615
254
260
808
74
892
110
598
723
733
668
716
26
945
975
952
852
30
561
104
592
610
702
633
523
382
483
5
892
395
631
987
988
548
843
623
225
61
283
342
95
673
827
867
780
155
477
649
384
248
425
626
891
133
71
576
36
485
984
8
769
79
442
960
723
163
613
35
361
150
850
652
463
366
20
432
204
983
36
132
799
54
428
835
452
60
359
112
475
405
959
578
345
880
733
98
857
842
684
427
139
249
2
148
474
588
421
510
684
84
546
578
531
702
272
829
537
963
375
412
134
298
183
608
260
943
615
388
274
247
645
246
34
631
165
519
507
211
613
237
810
897
689
801
517
172
572
593
494
187
33
798
513
13
30
755
50
973
810
387
142
930
764
785
175
452
185
950
188
245
649
977
630
698
68
62
755
483
507
316
865
580
679
365
240
798
799
724
245
674
970
882
402
323
450
46
24
570
871
698
402
780
802
137
414
669
206
964
580
933
896
836
534
788
307
312
937
96
178
920
962
577
159
40
71
759
364
756
959
931
403
390
948
386
244
10
985
585
716
973
929
761
467
736
127
385
481
82
451
286
714
502
345
725
415
778
328
321
614
145
286
54
397
554
677
843
925
595
50
269
792
490
617
582
351
799
475
818
74
555
311
618
414
512
886
444
436
521
438
278
561
821
543
343
470
430
502
155
538
846
510
310
681
111
573
93
636
717
629
659
637
512
711
708
691
370
121
491
724
371
542
771
63
509
186
795
971
207
325
823
777
603
100
233
308
513
638
468
594
644
420
178
106
823
66
317
602
430
833
24
586
704
77
83
844
77
175
473
467
231
982
680
223
946
764
294
384
271
224
428
336
711
700
339
7
921
868
547
406
125
709
918
243
700
814
111
64
803
706
447
953
409
581
388
820
809
80
5
200
26
211
77
364
500
932
305
298
966
708
257
416
153
245
380
660
297
969
510
538
418
816
827
569
201
714
619
314
607
828
644
618
103
537
883
533
143
116
410
761
828
278
280
543
575
296
61
232
819
372
567
183
120
545
72
604
132
379
941
59
401
428
155
243
495
90
141
627
282
79
674
321
167
668
308
162
388
866
27
393
996
470
750
349
459
238
617
940
533
802
19
211
526
464
578
921
235
916
228
411
370
641
950
600
738
326
352
155
91
224
750
804
967
959
646
892
322
98
492
837
523
323
747
520
737
518
487
612
219
33
893
322
668
54
133
97
378
720
24
726
738
812
686
530
278
306
597
230
960
33
706
8
259
107
38
657
702
865
717
950
456
455
568
520
881
837
806
511
421
516
13
954
975
519
224
113
425
153
665
174
968
132
171
91
359
303
517
347
104
529
325
418
723
755
574
789
926
931
359
882
3
74
237
968
529
318
231
210
934
734
988
306
201
75
756
268
819
13
216
65
441
591
585
69
317
984
978
337
537
436
254
174
413
580
951
619
529
902
659
910
95
385
986
632
877
643
307
326
87
565
847
149
3
841
895
269
248
138
44
187
554
964
339
238
328
391
167
458
321
332
255
346
551
90
9
460
871
34
252
468
743
441
461
247
457
439
641
820
322
121
627
959
200
437
425
46
563
91
798
475
469
147
497
637
450
41
170
239
835
776
673
39
400
422
181
102
285
149
780
33
883
399
582
242
491
327
392
934
124
695
662
998
339
403
324
928
903
174
407
239
15
152
738
372
87
203
888
929
922
62
667
610
985
513
838
17
314
668
509
321
105
594
789
22
636
198
323
735
178
104
526
503
587
407
457
898
950
832
395
152
280
698
623
649
916
253
720
986
638
329
100
471
935
403
845
139
214
290
426
239
232
7
496
270
283
74
839
758
379
736
537
317
56
732
709
488
299
639
354
733
566
238
111
128
95
596
487
598
199
731
254
557
348
157
186
315
133
591
115
451
177
592
191
429
706
984
352
866
120
345
995
702
408
397
31
69
245
173
78
691
551
199
898
986
679
14
894
442
911
680
248
223
717
744
311
245
764
187
317
421
321
398
497
396
843
885
782
66
572
35
204
934
144
674
694
692
882
963
167
211
522
413
649
898
903
330
264
922
87
202
38
247
501
200
702
796
921
960
561
330
926
75
96
332
827
530
346
573
585
768
67
964
754
520
428
816
502
44
349
398
246
891
435
702
155
572
262
798
628
210
740
798
224
763
788
889
62
453
77
76
331
497
993
389
768
143
540
695
849
862
86
465
149
745
551
683
795
554
415
444
194
283
686
126
896
208
532
31
624
414
274
33
315
684
717
987
271
611
880
91
25
612
359
329
97
894
22
667
753
677
235
853
702
238
730
669
449
44
865
250
853
84
742
89
22
609
335
624
69
624
663
540
109
124
46
571
896
265
280
938
795
375
370
454
635
200
684
240
646
603
354
601
452
378
810
335
130
386
374
1
584
30
848
333
370
135
40
307
396
983
195
300
772
801
614
896
454
330
677
573
447
222
471
192
338
274
308
448
118
915
885
870
157
685
592
120
584
818
587
233
192
478
77
100
561
304
582
14
440
547
448
429
650
7
834
690
770
518
614
836
891
666
438
910
947
51
420
433
130
990
684
928
10
640
268
256
471
904
483
294
984
173
184
581
96
292
52
303
401
656
871
92
928
125
259
364
615
867
871
99
939
31
798
662
639
218
742
867
940
339
716
960
875
932
532
971
344
980
310
281
209
535
132
622
259
2
64
973
860
120
286
656
560
472
801
52
79
316
919
13
837
668
340
699
903
635
871
768
255
529
651
649
273
274
227
317
138
790
977
250
716
423
856
281
378
102
12
434
102
458
98
886
188
952
381
707
249
24
256
995
449
38
129
375
966
394
79
641
879
318
732
406
484
521
380
959
323
344
981
349
986
69
208
395
637
987
402
397
114
242
82
55
100
111
568
955
353
105
742
532
1
228
984
114
285
744
874
437
458
794
552
581
852
849
988
133
505
235
133
23
622
315
203
11
357
57
575
100
328
78
503
710
41
664
839
224
101
198
839
689
684
958
944
92
946
63
975
879
802
890
234
149
62
988
787
947
956
664
454
688
269
78
416
987
602
41
962
78
208
770
764
372
728
977
797
763
765
516
280
961
836
775
987
502
891
58
855
816
233
679
457
179
278
971
473
625
537
399
133
53
727
622
322
912
807
548
916
656
857
87
212
646
744
878
201
436
189
443
969
612
35
682
506
945
672
698
717
284
57
249
568
611
629
78
184
945
497
545
796
629
936
756
16
77
498
747
612
952
103
886
726
993
572
427
22
888
129
375
794
289
426
635
371
550
630
971
988
315
472
636
753
543
763
549
993
301
98
258
296
472
385
991
775
284
539
478
91
623
139
574
903
37
953
286
183
699
766
422
770
409
123
245
3
853
195
895
902
101
854
363
861
180
749
297
61
568
260
455
428
150
497
74
92
809
911
197
379
937
87
89
104
460
833
861
41
75
853
523
19
972
296
435
232
821
452
773
221
636
872
35
290
867
243
625
640
283
509
816
386
435
136
475
465
391
64
893
80
278
882
776
924
340
959
301
256
786
103
197
855
460
801
870
132
264
113
491
130
777
823
25
359
715
226
602
757
490
217
835
299
551
500
573
611
824
877
111
679
827
202
866
480
925
840
859
202
752
932
69
660
929
915
603
97
811
418
142
542
176
