1000
1001
1015
1032
1044
1059
1069
1074
1084
1088
1100
1106
1113
1121
1125
1128
1136
1147
1153
1161
1169
1173
1180
1188
1190
1203
1213
1222
1226
1231
1240
1243
1253
1263
1269
1277
1281
1284
1291
1296
1307
1314
1326
1334
1338
1346
1353
1356
1361
1367
1371
1375
1381
1390
1394
1397
1404
1406
1408
1414
1416
1420
1426
1429
1430
1440
1447
1449
1450
1453
1455
1456
1463
1469
1474
1476
1486
1491
1497
1505
1507
1510
1513
1514
1516
1518
1525
1528
1536
1543
1552
1558
1568
1570
1574
1577
1580
1580
1584
1588
1590
1593
1594
1595
1599
1602
1609
1614
1619
1623
1626
1628
1631
1632
1632
1636
1638
1640
1644
1649
1653
1660
1666
1669
1672
1675
1680
1684
1687
1692
1693
1696
1698
1702
1706
1710
1717
1719
1722
1726
1726
1728
1732
1733
1736
1737
1742
1748
1751
1753
1756
1758
1762
1764
1768
1769
1771
1772
1773
1777
1778
1778
1782
1786
1788
1792
1793
1794
1799
1802
1808
1812
1813
1817
1818
1819
1822
1823
1828
1830
1834
1836
1836
1838
1841
1845
1847
1851
1853
1855
1858
1862
1865
1868
1871
1872
1874
1880
1881
1887
1890
1894
1897
1897
1900
1902
1905
1908
1911
1913
1917
1920
1924
1928
1930
1933
1934
1934
1937
1940
1943
1943
1944
1949
1949
1953
1959
1960
1961
1963
1965
1965
1970
1972
1973
1976
1978
1978
1979
1981
1984
1987
1990
1996
1999
2002
2004
2004
2005
2005
2005
2008
2013
2018
2019
2022
2025
2027
2028
2030
2032
2037
2040
2042
2045
2047
2048
2050
2050
2051
2055
2059
2060
2064
2068
2070
2070
2071
2073
2074
2074
2077
2078
2081
2082
2086
2088
2088
2091
2094
2100
2102
2103
2105
2108
2111
2117
2118
2119
2121
2124
2127
2128
2130
2131
2132
2133
2137
2139
2141
2141
2143
2146
2147
2148
2149
2150
2154
2154
2156
2158
2161
2164
2168
2169
2170
2171
2176
2179
2181
2182
2185
2185
2189
2193
2194
2194
2196
2199
2200
2201
2205
2208
2210
2213
2216
2223
2224
2224
2224
2226
2228
2229
2229
2229
2230
2234
2234
2235
2235
2237
2239
2242
2243
2244
2245
2248
2248
2251
2255
2257
2257
2259
2260
2262
2266
2267
2267
2267
2267
2270
2272
2276
2278
2279
2281
2283
2286
2288
2292
2295
2296
2296
2297
2297
2297
2300
2302
2303
2304
2305
2307
2310
2311
2313
2317
2319
2321
2324
2324
2325
2325
2328
2329
2330
2331
2337
2338
2341
2343
2345
2345
2346
2347
2354
2356
2357
2358
2359
2361
2362
2365
2369
2372
2373
2374
2375
2375
2377
2379
2379
2381
2385
2388
2388
2391
2393
2393
2393
2394
2395
2397
2398
2398
2399
2402
2403
2403
2406
2407
2408
2408
2408
2410
2411
2411
2411
2411
2416
2417
2417
2418
2418
2420
2421
2422
2422
2422
2423
2424
2425
2428
2430
2431
2433
2436
2437
2437
2441
2442
2443
2447
2447
2449
2450
2451
2454
2455
2456
2456
2461
2461
2462
2463
2465
2467
2468
2468
2468
2472
2474
2476
2477
2478
2480
2481
2481
2482
2483
2484
2486
2487
2487
2489
2490
2492
2492
2493
2494
2494
2494
2496
2497
2500
2500
2501
2505
2507
2509
2511
2513
2514
2514
2515
2516
2518
2519
2519
2522
2522
2523
2523
2525
2527
2530
2535
2535
2535
2537
2537
2537
2538
2539
2539
2541
2544
2548
2552
2553
2556
2556
2557
2559
2562
2563
2565
2565
2565
2568
2572
2574
2574
2575
2576
2577
2577
2579
2581
2583
2584
2587
2588
2590
2591
2594
2595
2598
2598
2600
2601
2602
2607
2608
2609
2609
2612
2614
2617
2618
2619
2620
2623
2624
2624
2626
2626
2627
2627
2628
2629
2631
2634
2636
2641
2644
2647
2647
2647
2648
2648
2649
2651
2652
2654
2656
2656
2656
2657
2658
2660
2660
2661
2661
2663
2666
2668
2672
2672
2673
2674
2675
2675
2675
2676
2679
2681
2683
2685
2688
2690
2691
2692
2692
2693
2693
2693
2696
2696
2698
2699
2701
2703
2703
2704
2704
2706
2708
2710
2711
2712
2713
2714
2714
2715
2715
2718
2719
2720
2720
2722
2723
2724
2725
2725
2727
2728
2729
2729
2730
2731
2731
2732
2733
2733
2733
2736
2737
2737
2738
2740
2742
2742
2743
2743
2743
2744
2746
2746
2746
2746
2746
2747
2747
2748
2749
2750
2752
2754
2754
2754
2755
2757
2758
2760
2761
2761
2761
2763
2764
2765
2766
2766
2767
2767
2768
2768
2768
2769
2769
2769
2770
2770
2771
2771
2771
2771
2773
2775
2777
2777
2779
2779
2780
2782
2783
2784
2785
2785
2785
2787
2787
2788
2790
2791
2793
2794
2794
2795
2795
2795
2796
2797
2798
2798
2798
2799
2799
2800
2801
2802
2803
2804
2804
2804
2805
2807
2808
2811
2812
2814
2815
2815
2815
2816
2816
2816
2816
2816
2817
2818
2820
2820
2822
2823
2824
2824
2827
2827
2827
2827
2828
2829
2829
2831
2833
2834
2834
2835
2835
2836
2836
2837
2838
2841
2843
2845
2846
2847
2848
2850
2851
2851
2854
2854
2855
2856
2856
2857
2859
2859
2860
2862
2864
2865
2865
2866
2866
2866
2866
2868
2869
2869
2869
2870
2871
2872
2872
2873
2873
2874
2874
2875
2876
2879
2881
2882
2882
2883
2884
2885
2889
2890
2890
2891
2893
2894
2894
2896
2896
2897
2897
2897
2898
2899
2901
2902
2902
2902
2902
2902
2902
2903
2904
2905
2907
2908
2909
2909
2909
2910
2910
2910
2913
2914
2915
2916
2917
2917
2917
2919
2919
2919
2920
2922
2923
2923
2926
2928
2928
2929
2929
2931
2932
2933
2934
2936
2937
2937
2938
2939
2941
2942
2942
2942
2944
2946
2946
2949
2951
2951
2952
2953
2953
2955
2955
2956
2958
2960
2961
2963
2963
2966
2968
2968
2969
2969
2970
2971
2971
2971
2972
2972
2973
2974
2974
2974
2974
2978
2979
2983
2983
2984
2984
2986
2989
2989
2991
2992
2992
2993
2994
2997
2997
2997
2997
2997
2998
2998
2998
3001
3001
1
644
87
2
23
5
14
173
101
49
3
220
488
253
0
309
5
9
152
137
807
27
71
58
34
15
23
6
2
4
313
684
77
0
405
63
218
461
23
1
3
411
40
68
24
431
119
9
168
0
70
55
543
44
52
132
2
15
86
152
32
269
57
259
11
21
1
47
11
21
1
0
218
72
20
51
291
119
184
104
289
1
9
23
75
317
576
175
187
14
767
671
331
27
576
33
131
17
28
780
22
1
3
25
6
925
359
414
89
127
31
87
5
163
195
134
106
4
99
221
38
41
19
18
169
140
729
484
80
0
8
213
496
341
21
272
353
40
90
342
105
395
41
1
103
3
31
182
74
119
122
725
20
23
27
124
443
18
403
8
668
84
381
60
17
76
924
12
373
12
28
836
212
17
6
29
214
116
664
5
96
288
77
168
4
14
128
9
24
910
7
344
36
0
17
113
314
39
74
1
2
882
631
3
96
22
126
33
348
471
203
924
251
208
623
398
70
76
416
9
40
296
78
596
30
32
17
1
44
8
234
621
997
36
19
208
97
536
8
606
20
57
241
39
163
136
372
297
292
190
26
110
16
358
603
286
84
51
40
213
10
236
27
732
284
4
113
350
72
151
24
383
62
453
8
63
332
160
954
1
185
378
45
420
315
107
629
61
23
28
443
567
208
335
655
12
40
63
832
489
57
483
604
400
735
46
975
30
538
119
23
116
507
133
38
380
176
15
89
31
149
47
25
262
2
623
12
73
15
216
54
189
564
188
183
94
564
188
339
217
99
45
244
51
609
294
205
3
27
233
329
646
43
35
102
368
160
57
181
38
333
117
344
40
119
4
556
61
60
92
0
309
281
129
86
79
439
673
251
144
655
273
6
31
145
552
740
339
43
187
307
74
3
279
115
529
305
102
250
372
489
103
41
69
3
60
204
38
4
288
205
46
29
917
1
142
257
422
183
241
56
92
48
18
502
36
48
132
33
637
74
38
502
586
2
264
260
119
33
394
494
145
331
168
176
132
133
84
491
74
107
71
3
77
55
90
104
408
3
25
403
234
239
577
174
1
67
217
33
97
736
6
103
487
41
67
63
16
145
205
669
23
647
52
152
534
913
7
133
818
288
25
18
699
344
197
2
68
573
21
202
366
239
144
260
26
50
833
269
14
275
295
763
86
197
160
144
18
31
812
146
65
117
370
456
639
325
50
117
822
4
88
543
82
92
0
462
125
98
192
318
10
86
332
109
272
179
259
288
683
320
116
653
100
10
985
40
70
498
434
424
15
951
283
989
130
387
250
618
60
48
134
86
850
134
228
42
415
503
494
24
21
198
72
310
28
269
87
605
306
11
43
89
0
142
54
293
45
54
15
72
70
340
272
123
6
182
338
429
232
210
15
160
657
448
11
578
486
36
67
181
423
971
152
687
276
88
263
878
30
572
32
388
23
153
207
677
53
118
89
20
783
39
86
651
666
47
84
551
115
507
223
244
3
39
16
6
63
47
932
427
454
832
957
298
869
534
821
166
16
482
224
104
339
195
221
842
562
17
87
254
167
471
362
24
195
793
612
770
10
584
21
512
49
417
90
483
354
342
332
8
61
977
3
64
40
65
75
553
522
507
92
11
224
326
93
433
336
343
30
210
617
837
1
403
389
564
546
325
486
13
238
102
59
422
258
406
83
50
77
603
263
74
51
64
553
430
84
430
238
171
959
378
241
170
801
40
881
199
209
157
33
489
108
4
1
74
113
271
241
209
479
692
198
444
150
257
83
34
46
105
282
367
354
479
169
200
30
11
440
603
789
708
122
630
380
641
430
689
125
237
449
553
3
570
64
21
251
206
162
13
148
237
147
231
397
331
0
239
500
71
8
40
186
599
64
366
902
322
228
429
441
981
189
88
107
46
16
265
104
42
249
521
59
249
6
35
194
399
361
176
268
52
8
43
42
299
179
249
223
41
965
582
30
846
641
730
87
629
200
197
185
418
124
250
126
11
643
594
621
504
515
193
82
317
76
157
96
343
150
917
447
508
588
162
192
571
77
507
797
24
341
348
56
44
74
57
523
169
937
114
336
25
385
37
28
388
155
150
531
105
136
423
664
878
808
610
20
380
708
14
31
20
546
422
41
619
43
71
2
230
5
0
298
271
124
363
11
632
483
189
118
344
123
134
261
586
310
607
422
513
305
178
93
608
256
218
387
592
171
416
105
891
441
44
28
70
31
171
167
141
956
146
174
71
77
525
723
536
60
30
565
489
148
154
271
754
566
943
594
358
119
43
321
184
183
189
764
54
195
272
91
25
169
50
508
401
349
798
467
0
945
125
287
911
601
230
158
59
143
291
694
787
88
4
307
900
78
63
997
224
437
535
40
145
110
63
182
406
930
975
892
186
534
988
4
79
97
286
242
221
326
154
15
250
88
104
51
825
80
109
871
344
656
53
696
893
300
49
552
161
367
90
748
553
32
345
344
31
270
653
254
593
76
21
88
57
383
404
542
6
538
6
258
30
648
622
871
102
510
539
925
44
834
675
770
80
26
321
30
221
581
120
305
188
760
281
656
379
771
687
556
54
299
227
565
99
387
52
259
1
49
444
97
224
417
466
1
23
36
954
599
329
197
7
87
526
642
772
414
819
656
88
449
849
297
246
177
843
553
644
456
140
565
85
271
385
134
386
418
924
981
315
44
172
64
591
8
810
34
88
131
47
394
37
654
135
207
512
104
728
43
51
123
550
104
585
204
14
131
15
731
136
198
599
277
286
23
224
577
47
76
284
204
24
252
457
32
15
688
131
161
951
982
31
243
10
486
690
934
585
185
126
221
491
955
509
644
77
176
161
283
429
399
391
46
989
84
831
30
54
892
674
19
619
410
148
35
831
388
301
40
403
212
166
428
18
931
33
288
754
769
326
208
846
683
327
306
882
230
90
209
113
379
139
368
486
64
335
15
899
942
171
25
185
367
422
38
921
251
867
422
380
137
70
17
652
288
2
622
144
845
265
70
786
587
374
2
850
863
10
960
498
319
902
976
94
775
25
231
311
129
327
194
36
758
142
402
226
984
216
400
59
107
210
90
578
592
120
550
381
105
178
367
722
146
166
145
3
762
714
942
135
90
541
788
262
599
50
622
738
590
612
163
233
178
945
37
713
17
310
157
199
106
168
321
598
580
989
577
33
120
325
85
975
349
476
861
2
87
534
312
883
469
596
253
466
24
125
518
936
458
661
907
161
779
156
946
885
840
948
122
38
223
130
14
394
140
359
106
73
0
241
38
54
151
364
66
949
939
96
719
64
636
14
90
761
676
414
873
174
658
63
60
946
94
197
134
118
202
39
251
199
714
364
293
659
129
337
227
197
703
797
472
955
910
833
183
134
206
559
240
318
631
53
912
210
887
609
724
75
121
466
268
724
262
240
28
957
959
290
39
294
436
289
86
3
835
140
216
562
837
340
427
118
674
51
632
281
168
145
133
324
283
304
48
523
654
546
124
938
681
975
42
901
139
41
241
823
325
305
242
652
37
927
742
168
964
202
588
796
111
725
77
707
8
7
865
71
344
453
425
106
452
298
190
878
127
340
360
63
224
410
571
200
643
858
778
440
331
970
426
230
287
605
243
195
26
466
885
450
851
315
176
437
343
862
255
31
144
163
982
38
98
594
875
29
225
230
933
531
43
211
127
440
878
914
137
91
848
217
373
984
838
755
196
28
679
822
735
439
405
292
814
25
41
921
904
36
192
166
24
529
223
552
772
495
63
652
85
191
166
810
319
700
588
195
325
0
366
707
44
74
292
117
567
637
404
89
287
560
336
51
37
279
301
320
962
106
501
511
477
211
853
20
117
710
977
18
811
814
74
8
756
50
373
551
871
294
498
114
821
621
563
386
938
88
2
977
303
108
354
167
360
157
773
977
259
279
890
76
642
929
943
516
794
827
644
576
165
213
666
443
509
431
494
920
430
240
533
535
573
16
339
814
13
191
792
342
32
38
621
72
877
440
51
569
997
283
795
242
384
761
620
673
933
421
830
299
755
498
431
81
250
8
840
384
127
294
302
319
635
692
416
590
479
9
116
979
410
259
436
164
731
127
857
704
903
922
750
571
203
517
253
149
959
1
849
211
332
642
668
84
623
669
729
75
320
121
678
86
621
565
273
706
879
758
994
371
378
38
120
521
79
294
544
19
137
548
620
481
910
767
124
323
406
191
385
618
808
321
412
93
599
664
945
793
589
461
600
413
577
402
121
960
675
293
276
982
987
498
605
953
737
614
584
211
110
829
150
387
23
466
480
597
531
697
233
373
268
280
395
260
564
177
414
795
628
478
23
840
519
255
530
75
616
199
58
721
626
400
795
328
24
18
10
294
567
968
703
267
382
120
609
756
360
473
206
563
683
493
432
396
243
703
254
857
441
503
480
482
492
90
354
876
315
34
364
518
238
537
120
147
537
806
414
870
657
570
190
929
592
108
39
268
456
563
414
693
685
667
132
785
329
178
604
356
872
422
619
89
872
269
453
370
90
831
261
28
745
