1000
1001
1016
1029
1036
1046
1056
1063
1069
1080
1088
1097
1102
1108
1114
1123
1134
1140
1147
1154
1164
1170
1182
1188
1193
1198
1208
1211
1216
1221
1229
1236
1242
1247
1254
1262
1269
1273
1277
1280
1284
1288
1294
1296
1299
1305
1310
1316
1322
1331
1336
1339
1341
1341
1346
1354
1365
1370
1372
1382
1394
1398
1404
1407
1412
1419
1425
1430
1432
1437
1445
1450
1456
1460
1462
1464
1469
1474
1479
1485
1487
1493
1497
1503
1510
1514
1516
1520
1523
1529
1534
1537
1540
1547
1553
1558
1564
1565
1572
1575
1579
1584
1589
1590
1592
1595
1599
1604
1609
1611
1612
1615
1617
1619
1623
1627
1629
1635
1639
1642
1645
1652
1660
1663
1666
1671
1672
1678
1680
1684
1688
1692
1696
1698
1701
1710
1713
1717
1723
1726
1728
1732
1734
1735
1739
1742
1744
1746
1751
1756
1759
1761
1766
1770
1777
1779
1784
1786
1789
1790
1793
1797
1797
1799
1800
1801
1803
1807
1808
1809
1811
1814
1819
1821
1824
1834
1838
1840
1841
1849
1852
1856
1861
1865
1866
1867
1870
1870
1874
1877
1881
1883
1886
1893
1895
1898
1904
1907
1908
1913
1915
1919
1921
1925
1927
1928
1931
1934
1938
1939
1940
1942
1944
1948
1951
1951
1954
1955
1957
1959
1959
1963
1968
1972
1973
1977
1981
1981
1983
1986
1989
1992
1996
1998
2000
2006
2010
2011
2011
2014
2019
2019
2019
2019
2020
2020
2025
2029
2032
2033
2034
2036
2038
2040
2043
2045
2049
2050
2053
2054
2059
2063
2067
2068
2071
2073
2074
2075
2076
2079
2081
2083
2085
2087
2090
2092
2093
2094
2096
2100
2101
2104
2106
2107
2111
2112
2112
2112
2118
2119
2120
2122
2124
2126
2128
2128
2131
2137
2139
2141
2145
2145
2149
2150
2153
2158
2163
2163
2163
2166
2168
2170
2171
2173
2174
2175
2177
2179
2187
2190
2191
2192
2195
2199
2200
2201
2203
2205
2207
2207
2209
2216
2216
2217
2219
2220
2224
2225
2225
2228
2230
2233
2233
2234
2237
2239
2242
2244
2251
2253
2256
2260
2264
2265
2269
2271
2274
2278
2283
2285
2285
2286
2287
2287
2287
2287
2287
2287
2288
2289
2291
2296
2298
2299
2299
2303
2304
2305
2307
2309
2310
2312
2313
2313
2314
2315
2316
2319
2323
2326
2326
2329
2333
2340
2342
2343
2344
2345
2346
2348
2348
2349
2350
2350
2354
2357
2358
2358
2360
2361
2363
2364
2366
2367
2369
2372
2372
2374
2376
2377
2379
2380
2383
2386
2387
2388
2391
2393
2393
2395
2395
2396
2397
2399
2403
2404
2404
2406
2406
2407
2410
2411
2411
2412
2412
2412
2413
2414
2415
2416
2418
2418
2420
2420
2422
2423
2424
2427
2429
2432
2434
2434
2436
2437
2439
2440
2441
2443
2445
2446
2447
2449
2449
2449
2449
2450
2452
2454
2456
2457
2458
2461
2461
2462
2462
2465
2469
2469
2470
2471
2472
2474
2476
2478
2479
2480
2480
2482
2482
2487
2489
2489
2490
2493
2495
2497
2498
2500
2503
2505
2506
2509
2511
2513
2515
2516
2516
2517
2518
2518
2523
2526
2527
2530
2533
2533
2534
2535
2535
2536
2536
2539
2539
2540
2540
2541
2543
2545
2548
2549
2550
2553
2558
2558
2558
2558
2559
2559
2559
2560
2560
2560
2560
2563
2567
2570
2571
2571
2571
2571
2573
2573
2573
2578
2578
2578
2580
2580
2583
2584
2586
2586
2588
2588
2588
2589
2592
2592
2592
2595
2598
2599
2599
2600
2600
2600
2600
2600
2600
2602
2603
2605
2606
2606
2607
2608
2609
2611
2611
2611
2612
2616
2618
2620
2621
2623
2625
2625
2629
2630
2632
2633
2633
2634
2634
2635
2637
2637
2640
2641
2641
2642
2643
2644
2647
2648
2651
2651
2651
2651
2652
2653
2656
2658
2658
2660
2660
2661
2661
2662
2663
2663
2663
2666
2667
2667
2667
2669
2670
2670
2671
2671
2671
2671
2672
2674
2674
2675
2676
2676
2679
2680
2681
2682
2682
2684
2685
2686
2687
2687
2687
2688
2689
2691
2691
2691
2691
2694
2695
2697
2698
2700
2700
2703
2704
2705
2706
2708
2709
2709
2709
2709
2709
2711
2714
2715
2715
2715
2716
2716
2718
2719
2720
2723
2723
2724
2724
2728
2728
2728
2728
2730
2730
2731
2731
2732
2732
2732
2732
2734
2735
2736
2736
2737
2737
2741
2745
2746
2746
2749
2749
2750
2750
2751
2753
2753
2754
2755
2756
2756
2757
2759
2761
2761
2762
2763
2766
2767
2767
2769
2770
2771
2772
2773
2774
2775
2775
2775
2776
2777
2778
2779
2780
2781
2785
2785
2788
2788
2790
2790
2791
2791
2793
2795
2795
2798
2799
2800
2800
2800
2802
2802
2802
2802
2802
2802
2802
2804
2804
2804
2805
2806
2808
2810
2810
2810
2811
2811
2813
2815
2816
2817
2819
2820
2821
2822
2823
2825
2825
2828
2830
2833
2834
2834
2835
2835
2835
2837
2839
2840
2840
2841
2841
2843
2845
2845
2845
2846
2846
2846
2847
2848
2849
2850
2850
2850
2851
2852
2852
2853
2853
2853
2855
2855
2856
2857
2859
2859
2859
2859
2860
2862
2862
2863
2864
2864
2865
2866
2868
2869
2869
2870
2870
2870
2873
2875
2875
2875
2877
2877
2878
2878
2879
2879
2879
2880
2881
2881
2883
2883
2883
2885
2887
2889
2889
2889
2890
2891
2891
2891
2893
2893
2893
2894
2895
2897
2900
2901
2905
2905
2906
2907
2909
2909
2909
2909
2909
2910
2911
2915
2916
2916
2916
2916
2918
2919
2920
2920
2923
2923
2924
2925
2925
2928
2928
2928
2930
2931
2932
2932
2933
2935
2935
2937
2937
2940
2940
2941
2942
2944
2945
2945
2948
2948
2950
2950
2950
2953
2956
2957
2958
2960
2960
2960
2960
2962
2965
2965
2966
2967
2968
2968
2968
2969
2970
2972
2973
2974
2974
2974
2974
2975
2978
2979
2981
2982
2982
2986
2986
2987
2987
2987
2990
2991
2992
2993
2993
2993
2993
2995
2995
2995
2996
2996
2996
2996
2997
2998
2999
2999
3000
70
280
679
44
80
2
3
578
251
448
4
22
21
12
1
253
735
64
12
3
31
2
34
9
75
38
39
0
412
165
21
0
1
57
199
9
490
27
60
121
245
0
1
4
6
30
503
95
92
6
3
0
24
29
692
113
112
83
81
14
7
406
68
4
463
727
70
3
849
44
77
252
119
68
136
5
220
61
87
68
36
291
10
152
73
752
260
3
32
37
1
192
92
237
135
143
316
40
8
58
552
57
36
13
30
120
194
608
60
1
120
790
0
484
186
11
18
510
88
195
701
28
946
34
31
217
386
5
32
177
817
20
94
129
369
20
248
232
28
47
99
179
945
315
131
77
304
458
19
759
290
114
136
348
487
58
378
13
63
65
138
888
22
68
261
965
17
33
509
658
27
316
345
15
115
67
389
191
14
120
247
2
893
23
94
0
59
245
334
133
0
18
603
898
205
21
369
37
295
100
4
50
34
26
32
246
56
252
994
61
126
70
179
24
407
187
20
47
3
547
170
46
577
921
15
13
937
116
212
249
326
329
223
32
4
4
33
11
122
417
76
339
14
1
286
64
9
151
298
14
36
24
29
195
45
35
467
30
204
19
238
492
230
14
68
1
24
36
510
33
69
307
8
11
32
34
24
9
229
188
187
54
1
619
52
92
1
483
43
10
384
953
53
112
120
497
679
254
76
40
269
244
184
258
123
0
7
385
307
33
655
263
290
663
785
369
233
191
28
91
281
16
272
27
153
156
226
58
368
201
49
96
191
352
382
48
684
475
24
273
360
214
408
39
77
159
154
40
367
233
60
89
88
356
64
277
192
355
489
174
484
38
226
341
191
202
350
79
189
62
24
11
146
96
322
191
121
762
87
2
98
227
353
18
343
150
200
47
10
940
452
99
128
189
87
117
21
464
3
12
260
312
53
119
25
7
790
85
338
96
56
69
534
18
68
74
177
154
223
54
1
215
74
31
139
663
151
18
105
137
148
659
115
303
744
20
19
8
601
279
34
6
63
7
63
561
35
109
125
0
352
641
671
26
6
191
216
465
863
981
173
476
8
427
207
63
143
64
133
412
1
78
601
421
43
805
205
30
587
479
488
7
16
52
125
75
304
522
432
55
135
171
0
599
379
614
954
518
219
519
5
885
497
455
230
671
256
317
849
497
665
5
698
761
259
788
402
62
370
374
180
154
479
57
108
59
368
7
260
13
473
220
53
113
157
53
566
150
161
328
165
289
46
402
346
144
4
286
518
39
9
190
896
622
211
266
592
413
490
105
21
253
14
4
184
57
176
48
130
62
425
181
152
458
117
122
512
57
16
125
133
325
58
391
102
24
228
317
520
110
100
164
111
153
212
561
678
953
120
94
256
237
65
133
206
519
177
785
764
705
87
509
69
278
102
840
103
314
197
41
5
180
5
89
757
354
17
295
789
324
67
337
20
537
421
135
905
28
146
98
59
558
343
125
61
477
7
383
450
840
387
105
355
41
130
12
727
11
20
3
57
685
98
30
455
616
44
309
603
386
179
99
126
69
118
300
78
26
125
342
173
133
174
181
159
201
58
244
15
949
315
173
758
120
96
16
420
182
238
169
705
106
512
99
134
75
22
127
317
638
133
483
79
140
9
116
606
208
916
7
17
194
66
739
233
18
366
65
465
172
193
135
221
209
216
598
344
232
220
74
9
990
91
295
242
117
57
235
244
373
947
329
229
197
437
171
589
66
756
151
334
90
194
58
350
149
65
32
238
929
97
196
221
658
8
373
47
103
231
53
201
86
63
435
349
193
47
282
89
506
630
194
53
262
258
128
90
856
380
220
103
269
2
346
874
91
173
354
195
907
328
132
539
276
28
254
721
506
148
79
139
613
419
130
438
416
127
686
424
72
166
316
677
54
816
127
750
589
466
96
268
450
439
675
14
602
106
63
255
227
448
16
124
26
272
184
86
112
204
206
97
924
128
201
132
234
96
180
43
445
13
387
397
27
534
38
38
766
296
486
59
55
376
224
92
334
46
71
55
57
48
20
54
9
852
156
139
469
150
158
574
136
11
33
168
13
152
112
907
403
249
147
224
323
377
476
884
2
498
58
154
181
128
47
740
55
277
329
33
180
23
76
727
469
106
604
180
74
136
416
141
892
778
93
356
452
652
104
29
691
52
753
641
64
71
142
14
375
81
334
404
739
163
143
88
7
268
564
808
152
140
653
64
301
29
995
390
198
540
190
47
54
58
178
703
275
402
100
347
37
147
34
82
539
246
154
316
15
142
46
669
53
717
258
137
540
183
724
622
146
256
9
105
151
132
33
983
724
145
129
295
43
599
146
22
3
551
502
230
24
344
20
15
29
197
265
286
460
0
25
7
321
1
94
453
170
42
295
178
237
82
105
349
159
561
271
233
43
501
982
84
606
60
88
8
807
19
297
159
391
45
683
356
250
93
945
894
346
177
220
43
164
552
324
474
258
47
179
617
803
50
304
228
170
348
54
977
203
921
109
300
68
411
0
751
46
648
339
156
670
303
593
92
348
31
250
420
302
567
316
91
17
45
8
863
356
346
595
894
509
145
244
24
114
303
254
355
188
262
529
32
837
390
333
279
573
457
125
223
633
347
287
283
67
350
295
354
79
17
931
933
274
392
44
35
681
392
123
410
400
705
415
60
843
346
111
16
129
501
709
289
20
10
231
173
599
133
82
100
513
862
558
958
948
972
896
391
252
57
198
115
270
99
391
29
945
91
169
147
204
521
369
29
969
408
377
427
880
298
191
150
219
22
410
475
115
809
62
816
616
282
31
54
127
900
433
58
118
142
246
430
20
949
165
505
314
267
91
292
675
229
302
18
286
276
257
455
691
155
55
303
150
895
935
70
856
762
48
58
497
167
303
113
120
54
296
907
54
292
211
264
624
881
701
899
52
138
53
87
47
46
821
15
329
23
85
646
723
533
842
146
152
86
217
190
831
199
331
18
387
80
162
48
119
40
942
44
810
926
399
14
123
379
186
119
732
20
406
224
566
862
298
916
100
321
262
325
809
711
307
308
500
421
529
656
553
186
386
310
85
228
91
676
906
197
907
219
5
389
26
52
329
938
335
309
279
2
75
94
481
424
724
311
173
209
30
484
432
172
705
286
131
76
394
116
666
538
996
173
413
924
96
74
332
609
344
725
770
79
815
835
418
342
155
478
147
173
681
462
177
599
800
186
508
913
178
0
177
119
211
58
254
608
82
349
122
661
876
642
807
300
17
97
251
773
975
438
616
6
60
139
71
536
175
33
484
206
194
88
271
606
337
49
73
199
119
435
581
87
77
413
40
134
975
13
54
418
468
188
18
77
54
653
94
3
516
614
34
799
729
723
83
82
42
540
353
200
718
393
259
316
844
566
245
4
681
933
346
778
158
738
170
518
797
446
109
19
294
35
13
521
773
133
98
318
740
491
81
507
595
828
92
620
81
106
101
329
511
628
79
553
743
574
552
529
297
527
395
701
373
63
187
709
723
962
809
466
115
423
230
579
169
234
692
497
224
734
822
27
933
245
825
270
10
946
525
987
522
397
768
320
118
578
69
104
940
258
221
900
502
90
390
288
801
964
859
868
300
645
524
194
821
28
807
561
0
742
539
479
77
972
658
148
175
870
93
286
771
294
518
142
441
80
244
316
855
970
68
75
177
23
123
971
206
136
474
696
259
675
454
12
429
744
172
80
491
123
339
462
272
39
519
699
93
732
234
713
749
664
356
521
963
957
158
970
747
916
961
302
822
808
134
70
214
940
457
574
717
370
282
211
489
222
45
396
20
152
588
67
692
456
65
45
624
83
422
233
282
70
82
177
607
346
402
693
173
104
0
42
438
503
308
747
263
49
975
121
173
349
212
540
660
4
677
606
970
83
621
804
531
13
357
227
133
420
311
107
316
535
391
623
645
233
498
893
170
535
371
495
908
415
234
963
238
431
120
6
205
495
946
389
622
540
1
954
506
219
137
202
515
578
522
611
67
921
815
682
631
980
624
174
280
8
214
149
113
130
17
797
84
794
352
57
866
931
107
834
844
188
554
431
798
594
879
796
460
511
891
866
505
210
106
45
85
115
62
12
928
819
762
999
773
760
507
770
493
896
444
568
880
273
700
76
854
457
577
260
221
637
337
536
391
385
912
432
745
174
338
14
791
577
369
635
544
551
518
936
973
376
764
432
298
110
119
373
313
501
766
857
7
82
914
193
805
600
352
161
848
570
319
919
390
291
71
775
762
570
590
929
165
987
456
980
771
332
802
894
357
199
81
925
18
774
210
21
719
267
294
881
350
93
800
321
954
23
359
564
342
116
403
197
168
355
403
723
998
812
447
851
391
631
136
980
862
744
277
28
181
425
888
386
791
152
873
764
304
551
304
504
351
829
28
942
409
561
641
58
385
937
267
16
326
731
14
552
147
320
129
345
40
104
81
736
896
975
630
320
633
536
629
724
568
19
329
698
630
600
604
587
321
830
956
483
685
461
277
879
918
748
72
259
238
876
553
144
25
223
424
912
796
