1000
1001
1012
1024
1035
1048
1057
1066
1075
1083
1092
1100
1113
1124
1133
1136
1144
1147
1151
1158
1165
1172
1179
1186
1194
1198
1205
1208
1216
1221
1225
1231
1235
1240
1243
1248
1256
1260
1263
1272
1277
1287
1293
1300
1307
1310
1314
1321
1324
1327
1329
1333
1341
1345
1351
1360
1367
1376
1379
1382
1391
1396
1399
1402
1407
1409
1413
1421
1426
1428
1430
1432
1437
1439
1443
1448
1451
1455
1460
1466
1467
1471
1475
1479
1482
1486
1488
1493
1496
1500
1501
1503
1508
1513
1521
1525
1533
1536
1545
1552
1553
1560
1567
1571
1575
1580
1584
1587
1590
1593
1597
1603
1609
1610
1614
1620
1622
1627
1630
1636
1640
1646
1647
1653
1655
1657
1662
1665
1666
1670
1670
1674
1678
1685
1688
1692
1696
1697
1698
1703
1705
1708
1712
1716
1718
1720
1720
1729
1737
1740
1746
1748
1748
1751
1754
1760
1764
1765
1765
1769
1773
1774
1775
1775
1780
1781
1785
1789
1791
1795
1796
1798
1801
1802
1805
1806
1807
1808
1811
1812
1815
1818
1821
1824
1825
1829
1831
1834
1838
1840
1847
1849
1850
1850
1852
1853
1855
1858
1861
1864
1869
1871
1872
1875
1879
1882
1885
1889
1891
1894
1898
1900
1902
1903
1907
1910
1914
1919
1921
1925
1929
1929
1932
1933
1935
1940
1943
1947
1949
1951
1956
1959
1962
1964
1965
1966
1969
1971
1971
1976
1977
1979
1981
1982
1982
1983
1985
1987
1988
1990
1991
1993
1995
1996
1997
1999
2000
2002
2003
2004
2004
2008
2011
2012
2013
2018
2022
2025
2031
2035
2040
2041
2041
2041
2043
2044
2047
2052
2052
2055
2057
2057
2058
2058
2060
2063
2064
2069
2069
2072
2076
2077
2079
2080
2081
2083
2086
2088
2088
2089
2093
2097
2099
2100
2102
2105
2108
2110
2113
2116
2121
2123
2125
2126
2130
2130
2132
2135
2136
2136
2136
2138
2138
2139
2140
2142
2144
2144
2145
2147
2148
2149
2152
2154
2155
2156
2157
2158
2159
2159
2160
2163
2165
2166
2167
2169
2170
2170
2171
2173
2175
2176
2178
2180
2184
2185
2186
2192
2194
2194
2194
2197
2199
2200
2205
2209
2211
2212
2217
2217
2217
2218
2218
2219
2219
2221
2221
2226
2227
2228
2229
2231
2231
2236
2236
2237
2241
2241
2243
2245
2249
2250
2251
2251
2251
2252
2254
2259
2260
2260
2263
2263
2265
2266
2267
2270
2273
2274
2275
2276
2276
2278
2280
2283
2286
2289
2290
2290
2292
2295
2297
2298
2299
2303
2303
2306
2309
2310
2313
2317
2317
2318
2320
2321
2323
2324
2324
2326
2328
2329
2330
2335
2338
2341
2342
2342
2344
2348
2349
2350
2352
2356
2358
2359
2359
2360
2364
2369
2370
2372
2376
2376
2379
2380
2380
2381
2385
2388
2390
2395
2396
2398
2400
2400
2402
2404
2405
2407
2408
2411
2413
2414
2416
2420
2420
2423
2425
2426
2427
2430
2432
2432
2433
2433
2439
2440
2441
2444
2445
2446
2449
2449
2452
2453
2453
2454
2456
2457
2457
2458
2459
2461
2461
2463
2464
2464
2465
2466
2468
2470
2471
2476
2479
2480
2480
2481
2482
2482
2482
2483
2483
2484
2486
2488
2489
2489
2493
2496
2497
2497
2498
2500
2500
2502
2503
2507
2508
2511
2513
2516
2516
2518
2518
2519
2520
2520
2521
2521
2522
2523
2525
2525
2528
2528
2528
2531
2532
2534
2534
2536
2537
2538
2539
2539
2542
2542
2544
2546
2547
2548
2548
2549
2549
2550
2552
2553
2553
2553
2556
2558
2561
2562
2562
2562
2565
2567
2569
2570
2571
2573
2573
2576
2577
2578
2579
2582
2582
2582
2583
2584
2585
2588
2588
2589
2589
2590
2590
2590
2592
2593
2594
2595
2597
2597
2599
2600
2600
2601
2602
2602
2604
2604
2606
2607
2608
2609
2609
2610
2610
2611
2613
2613
2613
2614
2615
2619
2621
2623
2625
2625
2628
2628
2630
2630
2632
2632
2632
2632
2632
2632
2632
2633
2633
2634
2637
2638
2640
2642
2643
2643
2645
2645
2646
2647
2648
2649
2650
2650
2651
2654
2655
2655
2655
2655
2656
2658
2659
2660
2660
2660
2660
2662
2663
2663
2663
2664
2664
2664
2667
2668
2669
2670
2672
2672
2673
2674
2676
2679
2680
2682
2686
2688
2690
2691
2691
2693
2694
2694
2694
2695
2697
2700
2701
2702
2703
2704
2706
2709
2709
2709
2710
2711
2714
2717
2718
2718
2718
2720
2720
2721
2722
2723
2723
2723
2724
2725
2725
2725
2726
2727
2728
2729
2730
2730
2731
2731
2731
2732
2735
2738
2738
2738
2739
2741
2743
2746
2747
2747
2748
2749
2750
2752
2752
2754
2756
2757
2758
2758
2761
2762
2763
2763
2763
2764
2764
2765
2766
2768
2769
2769
2770
2770
2770
2771
2772
2774
2774
2774
2775
2775
2775
2776
2776
2776
2779
2779
2781
2782
2785
2785
2785
2786
2786
2787
2787
2787
2789
2790
2790
2791
2792
2794
2794
2795
2796
2797
2798
2798
2802
2802
2802
2803
2806
2808
2810
2811
2811
2811
2813
2813
2815
2816
2816
2817
2819
2820
2821
2822
2824
2826
2828
2831
2831
2832
2832
2834
2837
2838
2840
2842
2843
2844
2845
2846
2846
2847
2849
2850
2852
2852
2854
2854
2855
2855
2856
2857
2858
2858
2860
2861
2862
2862
2862
2862
2865
2866
2868
2868
2869
2871
2871
2871
2872
2873
2874
2874
2875
2876
2877
2880
2881
2882
2882
2884
2887
2887
2888
2890
2891
2891
2892
2894
2897
2898
2898
2898
2899
2899
2904
2905
2906
2908
2910
2911
2911
2913
2914
2916
2917
2917
2917
2919
2921
2923
2925
2926
2926
2928
2929
2930
2931
2931
2931
2932
2933
2933
2934
2935
2937
2938
2938
2938
2939
2939
2939
2943
2944
2945
2947
2947
2947
2950
2951
2954
2954
2955
2958
2963
2964
2968
2969
2972
2974
2974
2975
2977
2978
2978
2979
2979
2979
2981
2981
2982
2984
2985
2985
2987
2987
2988
2990
2992
2992
2994
2994
2994
2996
2997
2998
2999
2999
287
2
5
29
277
388
592
9
3
59
7
6
33
480
27
24
247
109
475
637
549
162
34
208
0
107
226
5
3
29
396
18
183
97
214
8
906
2
217
77
10
14
4
390
0
44
29
88
355
21
96
3
12
10
14
65
0
8
11
2
26
364
25
54
304
24
1
92
110
131
277
75
94
188
378
14
421
79
39
0
72
196
5
11
3
682
54
185
316
13
80
826
188
967
83
73
0
439
36
110
444
116
34
12
131
47
3
215
519
4
739
20
146
8
24
5
672
749
23
19
905
381
186
58
10
185
47
512
76
4
498
83
38
46
8
445
7
188
3
4
143
266
56
26
22
54
39
131
347
274
26
181
388
725
542
307
195
102
369
304
225
2
381
59
288
34
413
124
11
145
178
97
51
25
121
103
601
10
483
157
24
4
60
572
29
38
45
664
15
356
101
769
351
755
274
11
442
223
6
21
11
1
26
400
20
5
146
17
58
747
15
5
152
110
24
1
76
141
124
45
300
82
34
37
356
0
2
37
21
3
113
268
75
123
806
114
460
56
563
299
41
70
58
1
45
436
215
306
308
10
28
19
403
199
1
458
77
176
101
40
9
43
511
125
283
725
515
29
148
28
473
13
932
22
707
94
60
46
249
16
285
7
164
162
55
180
70
36
179
249
145
94
124
145
167
440
32
438
538
267
99
445
140
251
349
504
295
36
275
253
268
55
3
101
735
22
97
33
308
27
39
13
84
10
12
646
935
312
131
102
531
55
121
470
51
53
212
81
476
411
170
50
20
117
111
108
557
53
245
105
153
223
62
52
50
147
282
423
167
90
8
154
572
15
430
5
268
96
417
366
44
97
49
39
199
186
31
14
724
102
607
33
26
12
190
85
398
73
465
71
709
953
224
0
18
39
21
218
496
225
856
53
90
173
677
113
73
955
455
427
467
278
678
68
570
220
158
4
288
118
394
237
164
95
970
304
381
65
603
395
315
40
266
387
32
404
153
58
109
455
7
127
63
9
58
648
335
157
565
116
577
30
579
6
131
264
567
27
12
343
231
35
166
3
285
240
720
519
7
547
146
470
413
8
264
160
50
310
28
350
189
950
9
225
12
46
805
168
58
458
215
461
91
440
910
103
425
750
259
4
395
484
54
448
62
223
671
362
86
308
141
211
323
99
398
6
633
918
148
179
234
248
95
366
539
130
288
110
312
38
40
6
66
763
93
362
105
55
232
4
110
690
260
275
788
20
263
45
299
55
2
99
665
92
151
42
314
98
272
618
312
592
165
441
256
315
45
35
22
632
606
18
49
57
87
162
20
140
134
693
298
371
138
96
732
52
148
521
543
473
2
451
417
509
52
268
72
849
1
841
218
139
10
94
182
6
96
26
52
208
901
725
117
400
645
30
488
696
62
31
683
738
644
213
956
193
10
277
74
859
838
735
112
454
51
375
130
773
65
214
484
348
785
961
148
360
153
50
267
20
223
299
588
247
234
30
41
19
873
169
27
37
134
133
137
204
225
145
72
310
212
843
201
94
902
118
253
76
10
457
49
535
16
6
783
243
254
125
275
543
961
125
625
184
103
586
588
167
140
208
705
126
213
104
388
363
109
137
145
103
42
964
306
27
91
481
737
14
195
41
616
309
140
665
312
127
19
40
80
413
208
11
498
229
25
968
53
947
595
106
202
92
381
37
119
393
207
99
343
152
26
151
989
121
445
53
221
865
71
178
207
54
642
531
21
354
74
504
342
878
65
589
768
81
263
180
103
1
39
960
66
582
39
416
609
659
224
100
477
77
137
41
419
53
85
541
124
51
516
586
330
322
381
963
62
486
176
175
218
35
602
154
19
259
239
40
92
162
492
39
17
547
205
110
196
535
203
2
285
134
12
8
308
877
265
56
11
389
362
202
9
220
652
14
677
6
198
82
58
364
495
115
301
824
17
340
143
183
713
7
472
965
362
467
432
239
363
189
34
55
290
129
895
259
188
148
724
230
266
183
643
127
926
423
181
994
229
323
699
468
154
339
149
2
146
112
137
890
353
905
307
91
567
129
920
50
115
761
138
119
3
344
366
412
10
85
33
401
731
449
909
3
373
674
463
60
176
109
188
65
930
153
426
260
24
53
932
90
121
165
59
375
61
18
127
83
2
603
238
565
314
427
467
545
268
205
352
146
202
884
954
77
505
96
341
93
123
262
806
887
376
66
458
481
593
227
179
198
530
78
478
132
363
361
617
52
599
122
1
93
39
40
645
355
42
346
44
130
132
894
449
100
664
897
178
87
201
941
96
222
608
234
162
97
294
379
414
81
76
987
366
668
495
186
355
203
423
70
454
14
42
121
384
594
55
44
30
108
228
421
384
99
305
23
278
16
967
478
133
43
96
116
0
6
274
64
456
365
53
359
460
37
511
184
39
77
324
418
0
708
509
492
94
19
65
635
200
487
398
319
339
558
503
263
616
43
886
719
583
910
104
631
32
551
97
121
28
517
194
670
339
576
796
717
67
18
5
273
897
34
650
141
17
472
210
34
185
91
45
643
326
145
129
81
804
100
94
48
145
228
99
69
519
100
8
455
292
500
172
92
205
983
285
309
457
848
352
874
723
171
953
946
761
336
997
713
73
332
388
207
293
302
195
600
233
158
77
151
214
252
857
16
119
630
42
82
501
668
22
328
229
897
492
209
157
266
495
4
777
498
250
29
22
283
662
933
424
120
244
96
477
91
197
187
198
244
646
139
192
5
282
264
55
93
214
910
18
104
446
217
532
731
118
564
224
237
995
7
853
263
172
11
148
67
18
842
267
272
426
429
626
916
628
70
17
139
338
0
187
3
149
66
982
89
69
868
762
403
2
92
291
58
113
24
215
806
395
34
500
767
991
70
447
563
437
804
708
848
973
543
421
50
215
860
982
146
19
80
263
164
558
108
55
449
965
285
167
846
269
697
411
7
266
204
53
882
847
360
87
222
384
821
467
228
901
64
384
832
54
481
198
776
619
534
599
920
33
407
41
469
603
9
760
829
492
86
41
811
902
100
23
10
560
14
153
530
42
373
405
685
90
976
216
417
255
799
458
107
946
802
710
117
266
319
64
696
72
972
280
131
327
35
450
237
85
283
31
858
85
218
485
826
842
999
898
921
58
866
696
198
427
228
64
597
206
439
587
50
80
197
307
107
37
887
487
1
50
362
166
953
275
241
575
757
1
142
908
431
237
21
774
838
119
89
464
174
475
705
290
113
711
830
288
549
440
180
623
352
594
969
265
355
192
61
778
355
146
12
568
321
403
350
294
157
42
231
817
689
108
287
37
284
12
916
37
628
170
519
300
964
79
826
315
517
10
802
929
964
106
763
923
709
596
445
240
155
49
375
435
967
581
855
183
131
763
661
41
94
854
839
169
17
411
866
133
106
896
830
228
826
883
911
181
916
79
492
1
299
849
622
746
52
293
416
756
847
444
406
31
849
375
74
227
212
76
500
620
65
21
54
919
902
937
864
479
303
75
75
534
979
164
298
929
170
135
706
469
136
122
652
158
917
100
0
731
237
493
267
147
529
662
467
435
246
814
340
20
177
439
226
68
102
57
261
165
757
666
700
985
145
294
245
100
433
684
569
554
702
492
134
386
387
516
348
923
298
101
92
289
1
969
643
919
154
638
836
203
308
115
708
113
250
363
47
965
73
830
306
870
188
588
165
536
930
597
359
752
257
22
99
145
609
265
351
302
90
11
856
217
728
62
772
188
65
8
114
730
620
448
508
730
96
104
455
113
466
421
823
206
611
994
622
854
884
944
487
729
137
587
38
959
287
644
748
409
527
59
892
454
488
196
334
769
303
762
959
924
297
936
79
909
851
330
202
57
17
37
112
676
705
882
689
683
375
216
593
105
45
117
142
115
10
819
818
556
26
708
11
87
663
23
560
766
844
480
764
609
439
213
331
395
718
95
523
535
757
756
404
159
714
22
831
853
942
677
118
483
781
784
432
355
497
776
132
776
973
119
904
97
956
914
809
819
303
450
454
520
965
311
409
84
31
235
402
793
441
599
966
988
507
743
742
793
426
979
698
194
9
519
464
545
439
490
545
648
882
771
925
430
991
643
876
117
483
541
109
383
464
129
756
868
420
945
424
560
410
327
109
552
563
722
379
771
969
703
539
534
61
673
347
999
460
117
412
959
935
575
985
153
466
543
845
395
650
967
124
329
836
931
186
158
424
831
730
546
704
230
295
474
235
209
961
710
255
201
544
259
305
352
465
916
112
427
441
130
574
786
210
11
3
481
217
721
298
366
86
546
792
514
899
938
386
547
592
92
641
572
212
436
465
630
524
719
832
953
204
586
520
662
220
981
876
38
223
359
48
863
719
574
916
260
772
704
846
331
453
147
83
477
59
925
330
230
63
115
791
707
718
861
163
119
133
891
172
141
518
520
197
988
418
648
802
814
275
872
9
534
146
854
638
494
974
66
455
785
410
970
449
822
582
931
412
394
324
864
613
264
965
815
996
152
833
404
205
700
377
989
333
464
857
