1000
1001
1004
1008
1009
1010
1012
1013
1017
1019
1019
1021
1023
1025
1026
1028
1029
1035
1036
1037
1038
1038
1040
1044
1044
1046
1047
1048
1048
1049
1051
1052
1056
1060
1063
1063
1068
1069
1071
1073
1076
1077
1078
1080
1080
1083
1084
1087
1090
1091
1094
1096
1096
1097
1102
1104
1105
1105
1107
1110
1111
1112
1112
1114
1114
1115
1116
1117
1120
1122
1124
1127
1129
1131
1133
1136
1138
1140
1141
1144
1145
1145
1148
1149
1150
1151
1152
1152
1152
1154
1157
1159
1160
1162
1163
1165
1168
1171
1171
1174
1177
1182
1185
1188
1189
1191
1192
1193
1197
1197
1199
1201
1205
1207
1210
1212
1214
1217
1217
1222
1224
1227
1229
1231
1231
1232
1234
1238
1240
1241
1244
1247
1250
1250
1253
1254
1255
1257
1260
1262
1264
1266
1268
1273
1276
1276
1278
1283
1284
1286
1288
1290
1292
1295
1297
1300
1301
1302
1306
1307
1309
1311
1315
1316
1317
1321
1322
1327
1329
1329
1332
1335
1339
1340
1340
1341
1342
1346
1348
1350
1350
1354
1357
1362
1364
1365
1365
1369
1373
1374
1377
1378
1381
1382
1383
1386
1388
1391
1392
1393
1393
1395
1397
1398
1401
1403
1405
1405
1407
1410
1411
1414
1418
1421
1421
1424
1426
1430
1432
1434
1435
1435
1436
1437
1439
1441
1444
1448
1449
1450
1450
1452
1452
1452
1453
1453
1458
1460
1460
1463
1464
1465
1466
1468
1469
1470
1470
1474
1478
1480
1483
1487
1489
1491
1491
1494
1496
1496
1498
1500
1500
1504
1506
1509
1511
1513
1515
1516
1519
1519
1523
1525
1525
1526
1529
1531
1533
1537
1539
1540
1542
1545
1546
1549
1551
1554
1556
1559
1560
1562
1565
1568
1571
1572
1573
1576
1578
1579
1580
1582
1584
1584
1586
1586
1588
1588
1589
1593
1597
1598
1599
1599
1601
1603
1603
1606
1606
1608
1611
1612
1614
1615
1616
1619
1620
1620
1622
1624
1627
1628
1628
1629
1629
1632
1633
1633
1633
1635
1639
1642
1646
1652
1654
1655
1657
1658
1659
1660
1663
1665
1666
1667
1669
1670
1671
1674
1678
1680
1684
1684
1689
1690
1694
1696
1699
1703
1705
1708
1711
1713
1717
1718
1722
1725
1729
1734
1736
1737
1739
1741
1741
1742
1742
1743
1745
1746
1747
1749
1750
1752
1753
1754
1757
1760
1762
1766
1768
1769
1772
1774
1777
1778
1781
1783
1790
1791
1794
1796
1799
1803
1803
1806
1808
1812
1812
1816
1816
1817
1817
1818
1819
1822
1827
1831
1832
1833
1835
1836
1841
1846
1848
1850
1850
1850
1850
1851
1853
1857
1861
1863
1864
1866
1868
1870
1873
1874
1877
1877
1883
1883
1885
1887
1887
1887
1890
1895
1899
1899
1901
1901
1903
1907
1909
1909
1910
1911
1913
1914
1915
1917
1918
1921
1922
1925
1929
1930
1933
1936
1939
1940
1940
1942
1945
1950
1953
1954
1955
1956
1957
1957
1958
1959
1959
1961
1963
1965
1967
1970
1972
1974
1974
1977
1978
1979
1982
1984
1987
1989
1991
1992
1994
1995
1999
2000
2001
2004
2004
2007
2008
2010
2010
2014
2015
2017
2018
2020
2021
2024
2026
2029
2030
2033
2034
2036
2038
2038
2043
2044
2046
2047
2049
2053
2058
2058
2060
2064
2066
2068
2069
2071
2073
2075
2077
2079
2081
2083
2086
2087
2089
2090
2091
2092
2093
2095
2097
2099
2100
2101
2105
2106
2112
2113
2114
2117
2122
2125
2131
2132
2135
2138
2141
2145
2146
2148
2149
2151
2153
2158
2160
2163
2165
2166
2167
2172
2175
2176
2177
2178
2182
2184
2188
2190
2195
2196
2199
2201
2201
2202
2205
2206
2209
2212
2212
2212
2215
2215
2217
2217
2219
2221
2224
2225
2228
2229
2233
2235
2235
2235
2237
2238
2240
2240
2242
2243
2245
2246
2247
2249
2253
2255
2258
2262
2266
2266
2270
2272
2276
2277
2277
2279
2284
2284
2287
2288
2289
2291
2291
2292
2294
2296
2296
2298
2298
2300
2301
2302
2302
2303
2304
2305
2309
2310
2312
2312
2315
2319
2320
2324
2324
2326
2328
2332
2337
2338
2340
2343
2345
2350
2353
2356
2357
2358
2358
2359
2361
2362
2363
2364
2367
2367
2371
2373
2376
2377
2380
2381
2383
2386
2391
2393
2397
2399
2400
2401
2401
2402
2403
2405
2406
2406
2409
2409
2412
2416
2416
2417
2419
2419
2421
2421
2423
2425
2426
2429
2431
2435
2438
2440
2442
2446
2447
2452
2455
2456
2458
2461
2464
2467
2469
2475
2477
2479
2481
2482
2487
2489
2491
2494
2494
2494
2497
2498
2501
2503
2505
2508
2509
2509
2510
2511
2512
2513
2513
2516
2519
2520
2521
2523
2527
2528
2530
2531
2535
2535
2538
2542
2542
2545
2547
2549
2549
2552
2553
2556
2558
2559
2564
2567
2569
2572
2572
2576
2578
2579
2583
2587
2589
2590
2593
2594
2596
2597
2600
2601
2602
2604
2607
2611
2612
2615
2615
2618
2618
2620
2624
2630
2631
2633
2633
2633
2636
2638
2638
2638
2640
2642
2643
2649
2650
2652
2655
2658
2659
2660
2663
2664
2666
2667
2668
2671
2673
2675
2679
2682
2684
2688
2691
2692
2696
2696
2699
2703
2704
2707
2708
2712
2716
2717
2718
2719
2719
2721
2724
2729
2731
2735
2737
2741
2745
2747
2747
2751
2752
2754
2755
2755
2760
2761
2764
2767
2770
2773
2774
2778
2779
2781
2786
2789
2792
2795
2796
2800
2802
2805
2806
2808
2812
2814
2817
2818
2821
2824
2827
2830
2833
2835
2836
2841
2841
2843
2845
2847
2850
2850
2850
2853
2853
2857
2858
2858
2859
2859
2861
2861
2862
2865
2867
2868
2871
2876
2879
2883
2885
2886
2888
2888
2892
2894
2902
2904
2907
2908
2911
2911
2911
2911
2912
2915
2916
2920
2920
2924
2926
2926
2926
2927
2930
2934
2936
2936
2938
2941
2943
2945
2946
2947
2954
2954
2955
2955
2956
2961
2962
2966
2968
2968
2971
2971
2974
2975
2976
2976
2978
2981
2987
2989
2989
2991
2993
2995
2996
120
886
907
948
974
934
874
388
420
636
411
338
156
901
160
556
69
992
272
10
9
89
696
224
579
835
642
504
141
313
672
561
969
680
735
200
584
405
38
763
821
904
612
46
449
736
503
305
145
574
709
156
971
837
574
248
841
526
762
960
620
353
814
279
482
77
342
984
939
56
427
885
239
20
92
640
835
834
747
501
910
915
823
948
436
602
287
917
23
780
686
979
249
698
481
955
591
737
675
732
468
149
401
990
36
990
413
938
969
202
906
667
421
839
435
551
942
355
540
792
862
740
731
861
822
7
860
135
410
720
670
945
899
247
636
316
125
695
700
376
375
34
882
321
984
944
673
327
895
471
427
110
808
631
94
603
10
884
895
464
817
38
446
271
843
88
600
957
729
789
156
875
162
516
180
140
814
522
622
822
936
444
402
734
599
262
973
444
812
213
635
539
974
225
612
743
504
636
456
472
915
87
467
578
534
923
519
442
552
506
114
113
702
374
480
586
734
596
544
132
300
362
797
705
363
618
0
692
144
870
585
393
587
819
273
915
74
420
774
298
740
132
166
336
338
758
744
527
536
795
117
128
259
911
70
507
406
535
936
633
289
699
886
320
934
454
98
15
289
638
227
702
880
637
630
121
539
453
28
495
840
427
848
944
573
268
406
53
350
648
639
209
618
696
235
164
217
803
802
351
823
97
30
373
6
331
721
753
283
828
340
568
168
6
491
97
689
536
324
721
152
247
273
435
733
600
946
128
306
261
160
305
997
854
405
559
979
503
758
474
861
290
305
809
721
678
354
223
777
384
207
387
529
764
98
745
413
969
473
877
817
234
207
543
409
373
884
581
254
268
260
505
668
965
908
572
639
622
337
644
365
337
446
925
469
578
783
941
776
993
864
332
538
216
17
276
532
58
963
913
259
339
897
789
529
286
421
179
182
460
946
311
151
912
850
213
293
365
385
819
891
210
103
855
824
300
315
760
947
199
321
153
621
828
859
329
393
581
177
472
343
11
751
532
259
106
554
306
141
423
347
706
642
182
863
566
708
152
685
554
597
290
358
38
370
736
582
692
448
253
865
534
979
683
704
415
946
73
165
733
31
759
48
650
510
674
886
739
887
356
761
854
245
186
275
285
799
884
360
400
225
203
133
438
186
714
168
609
642
101
626
783
842
813
873
678
743
373
730
148
186
398
925
424
93
9
656
702
125
165
390
420
397
708
254
597
200
853
623
370
872
616
515
34
363
420
591
379
850
726
546
159
596
600
806
256
920
569
206
46
436
972
587
356
141
531
137
175
237
682
996
687
913
966
210
598
876
900
508
779
502
127
791
215
117
753
731
513
842
169
175
27
316
168
632
226
750
567
910
930
806
209
772
15
594
215
849
306
74
517
348
659
911
763
139
216
78
572
371
859
163
476
796
362
946
811
81
221
395
960
157
197
813
863
728
129
748
593
190
192
918
129
350
477
5
614
748
373
583
203
361
160
456
647
446
34
224
946
545
732
630
873
229
849
317
360
338
149
154
643
404
568
32
402
390
968
176
526
66
577
596
251
288
752
734
602
238
991
370
349
257
700
560
339
687
497
118
326
558
119
280
853
783
999
191
211
504
466
825
645
946
970
981
452
762
810
489
278
869
359
240
322
591
919
974
544
999
869
156
339
185
735
266
920
115
77
76
494
864
937
281
740
833
680
637
179
211
822
512
179
848
2
446
354
606
274
709
620
747
822
639
124
859
871
222
954
657
331
453
823
871
275
672
872
268
956
681
259
509
687
53
644
100
354
527
930
534
497
440
482
353
418
683
170
20
136
148
950
670
905
793
893
471
185
747
786
71
724
726
752
4
57
181
979
835
246
668
404
668
737
563
126
433
281
3
274
207
821
644
61
685
229
837
269
521
959
481
894
537
901
829
84
37
893
145
524
742
742
638
420
553
905
778
737
64
165
287
45
439
974
706
850
260
720
436
584
402
585
661
997
680
112
864
100
609
102
193
93
858
342
389
970
752
243
790
23
980
368
550
592
145
782
396
557
140
946
959
572
109
340
874
568
863
936
875
469
617
208
965
928
91
888
944
366
110
937
52
193
484
459
491
409
83
640
938
223
525
109
181
173
493
873
545
553
673
325
648
634
338
547
749
115
906
505
426
937
530
49
728
403
34
587
906
469
638
636
617
369
470
161
899
510
606
474
376
851
745
785
145
867
576
362
402
887
795
835
876
43
802
534
297
25
170
14
365
108
480
186
113
933
135
296
680
400
877
492
733
249
747
386
304
785
903
279
940
656
98
316
747
619
112
715
935
852
425
789
99
966
925
428
653
472
939
355
31
130
402
675
884
206
832
179
481
289
817
225
201
111
502
853
402
245
136
163
130
426
199
871
655
679
105
144
894
626
612
685
66
705
899
900
183
836
744
117
372
475
345
283
479
772
856
579
847
677
786
452
650
65
653
112
475
434
237
225
575
556
555
6
453
363
170
360
710
15
902
651
419
657
810
999
832
944
992
234
308
978
458
160
859
353
839
285
647
716
780
803
778
738
188
454
321
971
147
891
592
940
28
673
30
858
554
919
959
496
850
356
957
194
889
110
823
12
987
548
999
222
185
241
339
708
440
18
123
441
815
996
644
844
115
124
482
288
871
679
894
640
838
52
371
281
648
453
574
701
336
313
691
117
908
356
283
237
275
976
914
884
294
101
959
605
284
94
679
165
608
358
45
991
780
88
600
493
390
875
782
917
847
601
652
444
261
106
540
21
339
620
699
279
488
460
981
119
151
519
391
32
614
217
190
99
642
729
899
277
263
540
926
703
896
346
142
88
965
306
137
476
104
995
73
108
486
4
383
142
141
485
429
150
189
964
392
471
39
746
590
234
262
13
622
806
352
585
401
421
190
366
341
570
839
823
150
476
591
551
249
835
562
609
525
552
539
272
515
563
394
318
754
700
441
666
750
915
662
61
187
419
909
417
672
407
72
15
669
397
804
80
574
475
249
800
723
52
527
925
549
176
266
539
773
588
600
442
763
508
382
15
399
800
290
246
739
404
910
864
792
731
235
422
540
48
852
705
292
400
361
791
163
595
120
242
704
881
75
876
11
151
923
49
856
775
616
138
661
360
75
592
114
272
141
628
693
246
119
542
686
887
437
866
232
904
797
752
275
583
995
234
391
29
561
908
939
261
802
519
571
785
858
771
787
439
71
158
163
175
998
675
411
794
411
282
336
481
95
622
268
685
68
302
346
52
248
746
510
165
100
117
358
373
16
241
24
745
52
435
419
572
991
771
993
683
250
68
128
381
755
429
428
909
106
266
979
130
543
737
495
180
733
640
920
517
41
511
409
391
339
336
479
945
307
663
224
411
358
448
879
707
302
158
659
861
741
891
898
937
129
171
248
794
823
215
253
828
368
31
21
680
319
180
992
815
912
897
739
718
915
313
547
794
679
126
782
698
799
879
195
863
177
572
435
297
603
47
982
571
775
453
607
194
796
263
364
718
513
495
410
550
720
938
521
204
95
449
957
688
298
67
685
407
760
816
772
946
724
132
844
499
783
325
707
118
955
776
986
256
992
682
675
965
502
715
153
948
947
933
153
571
673
891
984
643
311
284
974
87
968
175
564
838
368
326
103
335
264
34
99
881
851
767
585
911
794
531
91
181
125
870
211
21
421
392
99
385
69
648
44
579
155
396
760
214
366
829
218
159
761
427
825
529
566
382
890
41
13
889
413
499
650
40
543
424
30
591
856
810
648
63
568
145
31
854
264
305
94
795
586
856
873
549
853
608
146
387
347
315
577
282
210
437
815
494
871
520
686
847
276
534
363
842
253
169
214
548
838
845
698
718
446
574
324
393
568
220
70
69
174
754
67
459
335
234
776
443
196
377
684
245
706
496
370
372
819
933
121
538
588
393
851
396
398
278
846
346
474
265
458
1
606
97
949
459
696
904
294
500
510
181
776
912
752
992
142
814
694
77
528
257
185
598
89
37
138
250
0
706
499
251
464
904
901
578
835
892
833
213
755
573
804
889
407
427
540
896
426
937
589
981
82
90
894
909
628
769
204
903
755
73
623
492
542
543
295
6
426
888
562
513
897
876
21
888
706
407
434
483
480
59
0
711
596
188
668
743
896
43
684
310
134
318
815
210
879
768
293
202
598
125
110
43
771
665
608
46
337
992
576
371
374
747
285
111
698
999
677
193
523
269
627
463
402
310
957
870
803
506
1
139
519
459
136
99
758
894
481
377
467
472
787
57
36
986
525
713
574
515
195
950
66
147
566
80
465
72
749
367
454
166
209
344
326
794
246
803
215
1
45
802
875
942
955
406
394
950
51
797
398
791
95
932
577
426
576
599
454
32
331
202
986
988
639
188
462
632
801
293
523
354
808
181
15
57
367
446
573
30
288
101
106
1
982
372
981
807
436
598
568
744
48
413
170
245
452
368
895
618
974
974
780
805
80
35
964
939
799
579
964
56
54
739
602
358
566
766
799
879
918
7
739
195
708
635
291
585
442
169
721
565
923
372
580
364
