1000
1001
1001
1002
1004
1005
1007
1010
1013
1015
1017
1018
1020
1026
1028
1031
1032
1033
1035
1035
1036
1040
1041
1045
1049
1051
1054
1055
1058
1061
1062
1063
1064
1067
1069
1069
1075
1075
1075
1080
1083
1083
1086
1087
1095
1097
1099
1101
1102
1104
1104
1105
1108
1110
1112
1115
1117
1118
1119
1120
1123
1126
1130
1132
1136
1137
1137
1139
1140
1141
1141
1143
1146
1147
1148
1151
1151
1154
1154
1158
1159
1161
1165
1169
1172
1172
1175
1176
1178
1179
1179
1181
1183
1185
1186
1186
1188
1191
1191
1191
1192
1194
1196
1199
1202
1203
1206
1206
1212
1217
1217
1220
1221
1221
1221
1223
1225
1228
1231
1233
1234
1237
1239
1241
1245
1246
1249
1249
1254
1254
1258
1261
1262
1266
1267
1268
1270
1271
1274
1275
1280
1281
1286
1287
1289
1293
1297
1301
1301
1303
1306
1309
1310
1315
1316
1316
1317
1318
1319
1320
1320
1321
1321
1325
1330
1331
1332
1334
1337
1338
1339
1342
1343
1343
1344
1346
1347
1348
1349
1350
1352
1357
1360
1361
1363
1363
1363
1364
1366
1370
1372
1375
1376
1378
1379
1383
1386
1390
1394
1397
1398
1401
1401
1403
1405
1408
1412
1414
1418
1419
1424
1429
1430
1433
1436
1440
1441
1442
1444
1446
1446
1449
1453
1455
1456
1458
1462
1465
1466
1472
1477
1478
1482
1483
1489
1491
1493
1495
1496
1498
1500
1501
1504
1506
1508
1512
1512
1515
1516
1517
1518
1519
1520
1520
1523
1523
1524
1526
1527
1533
1533
1535
1537
1537
1538
1540
1543
1545
1546
1548
1552
1558
1560
1563
1567
1570
1571
1576
1577
1578
1580
1582
1582
1584
1588
1590
1590
1593
1593
1597
1601
1602
1606
1608
1610
1618
1620
1626
1629
1634
1635
1636
1637
1640
1641
1644
1646
1647
1650
1651
1655
1656
1662
1666
1667
1669
1670
1672
1673
1673
1674
1676
1679
1682
1684
1686
1689
1693
1699
1699
1702
1704
1704
1705
1708
1708
1708
1711
1713
1716
1718
1722
1722
1725
1729
1730
1733
1734
1736
1739
1740
1742
1745
1747
1747
1750
1751
1754
1755
1758
1761
1762
1763
1766
1768
1769
1771
1773
1774
1775
1776
1778
1780
1784
1785
1786
1786
1787
1790
1791
1791
1793
1796
1798
1798
1801
1807
1808
1810
1811
1814
1815
1817
1818
1819
1820
1823
1825
1828
1829
1830
1833
1834
1834
1837
1840
1842
1846
1853
1856
1859
1860
1860
1861
1864
1865
1867
1870
1872
1872
1874
1876
1877
1880
1883
1887
1888
1888
1891
1894
1895
1896
1896
1897
1900
1902
1903
1904
1906
1908
1909
1911
1913
1913
1916
1920
1921
1924
1924
1927
1928
1930
1931
1933
1934
1934
1936
1938
1941
1943
1945
1947
1948
1950
1952
1952
1957
1959
1961
1962
1964
1967
1967
1969
1971
1973
1978
1980
1981
1981
1983
1985
1986
1986
1989
1992
1992
1995
1998
1999
2002
2004
2006
2008
2009
2014
2017
2019
2020
2024
2026
2027
2027
2028
2030
2031
2032
2032
2034
2035
2036
2039
2039
2044
2048
2051
2057
2063
2066
2069
2073
2077
2082
2085
2086
2086
2086
2086
2088
2092
2093
2097
2098
2100
2101
2103
2105
2105
2106
2107
2109
2111
2114
2119
2119
2119
2121
2123
2126
2128
2128
2130
2134
2134
2137
2139
2140
2142
2143
2144
2147
2150
2152
2154
2157
2160
2162
2168
2169
2172
2174
2176
2178
2182
2185
2186
2186
2190
2192
2192
2194
2196
2196
2197
2198
2202
2204
2205
2206
2208
2211
2211
2213
2214
2216
2217
2220
2221
2222
2223
2225
2227
2229
2230
2231
2231
2233
2234
2234
2238
2241
2242
2242
2242
2244
2247
2248
2250
2253
2256
2259
2259
2262
2262
2267
2268
2269
2270
2270
2272
2277
2277
2278
2279
2279
2282
2284
2287
2288
2289
2290
2290
2291
2296
2299
2300
2305
2307
2308
2310
2310
2311
2313
2315
2315
2317
2318
2320
2322
2322
2324
2326
2327
2328
2333
2333
2334
2335
2338
2339
2343
2347
2350
2350
2353
2355
2355
2356
2358
2359
2363
2364
2364
2366
2367
2369
2370
2373
2377
2379
2381
2383
2389
2391
2392
2398
2401
2402
2403
2406
2411
2413
2416
2416
2419
2421
2424
2425
2427
2431
2434
2435
2436
2438
2440
2443
2445
2446
2449
2452
2452
2453
2454
2456
2458
2459
2462
2462
2464
2468
2469
2469
2469
2473
2473
2475
2475
2476
2479
2481
2483
2484
2485
2488
2489
2490
2491
2493
2493
2496
2500
2500
2502
2504
2507
2508
2508
2510
2513
2516
2518
2519
2519
2521
2522
2523
2528
2530
2531
2532
2533
2534
2537
2539
2541
2547
2547
2551
2555
2555
2556
2556
2558
2558
2563
2564
2566
2568
2571
2572
2576
2579
2579
2582
2584
2587
2589
2591
2591
2592
2594
2594
2596
2598
2599
2603
2605
2606
2608
2609
2615
2616
2618
2618
2621
2624
2627
2627
2630
2631
2632
2635
2637
2637
2639
2639
2640
2644
2646
2647
2649
2654
2657
2658
2660
2660
2662
2664
2668
2669
2670
2673
2675
2677
2680
2683
2683
2683
2687
2689
2689
2692
2694
2696
2698
2699
2701
2703
2705
2708
2708
2709
2710
2713
2713
2713
2716
2718
2720
2723
2732
2732
2738
2740
2740
2740
2741
2741
2746
2751
2754
2755
2755
2758
2760
2760
2761
2765
2768
2773
2776
2778
2781
2784
2787
2790
2793
2794
2796
2797
2800
2801
2803
2803
2806
2806
2807
2809
2810
2811
2811
2812
2815
2819
2820
2820
2822
2823
2826
2827
2829
2829
2831
2833
2834
2836
2836
2837
2839
2840
2841
2846
2849
2853
2855
2856
2859
2860
2861
2863
2865
2867
2873
2873
2875
2878
2880
2881
2881
2885
2885
2889
2892
2894
2894
2896
2899
2902
2906
2909
2911
2918
2923
2924
2926
2929
2931
2933
2936
2936
2937
2942
2944
2947
2949
2949
2950
2952
2953
2954
2957
2958
2959
2960
2962
2965
2967
2969
2971
2976
2978
2980
2983
2984
2987
2988
2992
2995
2997
2997
2999
404
389
107
493
868
140
518
515
107
326
193
464
982
194
870
147
270
363
232
488
225
458
428
876
47
631
162
861
890
842
772
944
724
323
829
339
27
690
884
462
509
533
412
86
706
570
678
785
295
472
854
269
514
587
264
519
101
19
287
150
812
308
297
213
278
608
51
877
482
969
229
932
994
820
358
526
102
216
588
396
198
282
219
464
936
520
929
199
868
58
742
886
479
532
940
575
693
888
800
940
246
11
335
547
52
731
314
32
355
50
298
846
480
704
693
469
208
313
986
930
408
42
179
156
911
196
688
618
540
225
222
801
529
442
727
803
656
887
947
296
864
756
891
685
494
440
870
497
852
572
922
531
385
950
197
113
916
698
351
241
819
677
122
186
119
482
708
166
931
154
353
474
265
301
189
889
21
388
411
520
541
213
203
396
182
569
107
773
699
145
980
970
306
959
311
187
618
26
644
37
957
234
990
775
832
506
175
885
808
752
293
457
94
969
2
5
517
684
885
482
77
881
947
533
618
717
214
191
567
700
831
194
321
81
464
792
840
511
187
297
423
80
794
669
195
554
294
297
282
168
155
464
296
882
132
511
361
512
852
741
949
162
956
876
545
128
250
877
571
887
849
575
789
391
565
879
970
204
332
517
803
672
4
678
520
625
295
275
981
775
709
987
855
892
670
995
561
95
690
257
8
786
263
422
776
916
932
232
27
959
514
902
939
988
562
82
126
59
794
265
342
347
173
662
131
806
896
12
837
951
375
992
870
665
836
81
384
126
731
490
702
555
990
161
394
407
106
350
467
795
825
59
829
743
650
281
613
255
478
267
851
92
573
406
80
101
121
355
681
850
227
788
893
85
545
791
116
910
295
209
6
544
7
117
452
305
814
283
123
60
963
894
609
211
77
604
38
42
641
325
509
439
249
713
91
293
716
341
550
933
138
494
808
820
443
584
972
541
556
930
379
898
55
193
311
647
220
289
850
197
847
813
432
361
555
31
476
274
90
115
365
310
37
692
703
985
40
511
804
449
278
209
487
527
61
380
320
867
283
431
753
11
61
706
288
945
830
344
698
694
188
898
890
976
942
770
34
568
508
887
860
861
303
479
149
10
502
321
326
756
103
239
544
622
448
303
728
786
695
234
514
843
511
531
79
345
627
271
672
426
260
293
670
736
46
469
270
202
133
607
346
700
716
180
549
955
782
892
669
337
145
644
272
827
325
243
515
148
772
473
26
406
84
159
608
984
181
495
440
290
483
450
24
287
775
318
731
248
9
243
662
415
828
259
949
563
383
816
552
213
803
553
539
142
768
808
325
220
31
726
288
179
752
126
456
641
38
224
195
464
649
835
304
269
27
497
744
953
279
226
209
776
661
268
666
808
447
319
515
698
245
203
519
836
996
106
369
685
124
193
433
23
142
513
722
67
337
126
30
969
124
957
121
52
829
301
380
84
300
868
678
232
237
287
773
195
370
421
99
690
29
770
528
641
414
349
216
404
959
381
506
209
628
575
100
403
56
775
50
622
998
490
269
292
423
513
999
223
437
118
232
942
921
16
894
415
808
622
260
394
277
199
437
6
998
707
372
233
338
832
702
902
828
587
866
836
138
849
956
47
669
582
763
296
257
328
668
19
541
422
388
204
485
969
161
379
971
604
996
771
227
370
242
846
252
161
814
491
707
310
472
384
176
911
694
79
559
788
82
877
187
687
51
885
807
757
943
371
37
937
727
486
797
212
128
755
916
10
605
655
215
810
565
653
630
813
293
306
344
593
358
704
536
326
583
164
714
853
876
867
342
208
301
223
963
866
310
273
403
442
769
697
350
655
971
167
75
645
733
961
87
864
339
2
675
579
137
904
950
325
865
173
514
983
38
91
501
959
983
449
803
846
711
700
757
798
645
312
383
1
310
992
766
471
892
819
986
891
918
186
264
659
174
911
868
503
770
58
963
89
704
21
886
712
806
309
324
617
271
762
748
939
690
925
782
816
793
724
306
959
148
339
122
999
928
319
859
900
243
638
929
602
686
11
635
224
212
702
857
788
295
456
978
929
489
321
326
758
201
745
71
268
567
62
383
559
975
601
206
529
712
949
727
492
462
291
236
399
220
269
623
628
194
960
558
881
759
282
745
434
107
877
11
726
516
870
527
905
474
20
447
40
285
119
126
6
697
994
662
957
177
830
888
840
54
247
405
798
349
23
264
549
750
877
588
84
461
496
857
213
514
180
232
42
53
34
81
110
956
864
268
669
341
738
686
360
563
221
11
793
748
707
436
169
316
731
347
447
822
937
940
3
758
560
205
70
268
719
475
73
287
634
881
703
764
658
396
812
232
408
512
106
310
931
230
201
529
21
654
240
219
128
120
129
504
764
699
320
570
295
240
395
576
151
478
24
737
262
5
713
683
292
459
697
977
109
966
139
5
673
910
917
527
634
293
26
747
41
856
89
140
871
622
839
854
982
37
519
221
599
460
308
509
62
789
444
780
241
75
42
114
21
940
590
371
909
679
793
800
275
802
60
878
90
846
207
834
339
235
193
190
131
614
662
776
49
764
473
255
808
971
204
861
722
987
273
966
275
124
212
170
208
849
931
987
454
443
353
666
708
494
145
721
620
152
622
733
486
272
994
876
138
635
651
856
870
366
907
914
442
116
230
576
94
615
513
22
974
572
943
134
571
812
73
185
136
43
311
920
514
568
761
616
633
390
995
336
373
841
824
599
792
206
711
960
331
25
843
474
37
931
534
991
985
600
371
989
995
778
747
612
810
741
898
527
583
964
592
443
427
342
197
364
252
851
965
950
747
31
266
196
776
596
989
893
180
546
569
650
888
578
716
822
415
894
115
101
60
562
668
683
521
315
562
324
235
451
723
141
839
242
835
311
451
960
882
368
12
895
579
953
519
497
429
565
693
681
686
426
960
935
282
979
199
308
688
825
784
646
102
751
819
868
257
403
386
643
834
209
285
179
615
565
748
367
959
511
384
364
915
65
890
499
874
406
868
290
546
466
271
959
161
736
166
693
559
290
947
676
620
855
338
485
336
257
122
947
245
144
243
140
992
518
887
390
668
751
80
303
969
140
22
538
187
636
689
620
515
109
294
70
739
486
921
637
427
355
954
642
60
682
698
19
418
975
307
145
764
750
721
217
666
54
44
635
911
727
351
227
698
238
829
465
516
384
293
227
689
78
694
95
512
402
116
252
432
169
328
498
217
371
412
53
767
22
225
348
489
326
842
560
81
830
143
926
585
400
445
413
923
515
202
376
756
829
203
254
616
755
115
905
495
814
691
561
552
295
624
16
421
773
279
458
359
445
62
693
237
169
50
491
269
386
563
789
664
785
245
515
771
773
485
685
891
598
748
129
42
179
288
456
439
608
520
595
741
488
416
651
474
691
676
644
857
281
106
224
717
362
69
714
233
787
402
357
493
438
455
818
578
416
337
949
498
512
690
547
951
943
405
705
275
384
408
308
228
344
737
263
14
304
95
788
738
900
724
143
269
104
313
290
546
148
612
594
838
530
257
993
902
791
419
839
871
642
736
22
238
990
147
757
433
189
773
353
136
735
529
191
782
938
584
119
421
488
538
157
122
178
954
361
471
402
539
45
62
955
540
140
399
275
63
966
220
920
162
414
357
550
291
324
276
205
106
944
597
365
28
502
572
369
988
211
195
347
720
273
868
420
918
761
80
406
644
206
34
493
617
583
865
642
178
934
841
962
259
272
329
715
18
179
696
299
227
468
708
117
328
104
647
541
628
285
166
293
332
889
162
780
627
783
521
469
120
583
826
955
707
13
588
240
923
541
53
346
399
868
211
136
557
335
210
188
182
607
129
73
376
24
522
144
668
565
520
475
752
432
424
230
231
550
13
388
69
483
825
394
332
381
878
224
377
4
847
929
42
302
816
660
644
407
987
8
165
565
72
459
521
784
659
564
131
376
914
11
354
134
474
32
457
867
934
540
138
455
497
113
128
628
19
356
886
106
109
885
42
412
230
135
673
65
899
616
468
44
86
836
658
228
13
406
70
740
257
405
144
613
189
930
196
323
617
633
934
162
965
598
228
208
887
426
773
329
782
151
392
461
717
940
566
537
978
192
518
407
693
350
59
958
567
876
656
149
362
77
518
406
817
805
575
322
686
75
713
843
419
710
983
956
423
42
868
427
987
436
58
208
893
590
82
558
507
149
34
204
896
878
825
641
40
493
358
968
791
418
151
43
534
906
493
960
45
322
228
571
765
357
15
809
227
114
670
667
66
764
130
272
445
393
77
607
765
163
288
633
795
687
994
256
842
801
927
131
483
335
466
102
297
984
912
151
397
422
662
310
653
100
640
586
940
454
628
387
826
978
409
196
380
600
972
607
897
553
804
517
938
34
678
297
107
341
138
99
550
384
342
964
206
571
443
690
228
516
910
962
435
641
98
143
7
526
395
926
398
958
267
219
592
57
406
870
558
929
552
143
813
151
613
594
104
786
172
591
405
165
672
782
564
465
34
954
581
594
144
343
293
326
315
423
320
