1000
1001
1003
1005
1008
1009
1014
1020
1022
1023
1025
1027
1028
1031
1034
1034
1035
1036
1039
1045
1052
1054
1058
1060
1063
1064
1067
1067
1067
1071
1074
1076
1081
1082
1082
1084
1084
1085
1086
1091
1092
1094
1095
1098
1103
1106
1108
1109
1110
1113
1114
1117
1117
1119
1124
1127
1128
1128
1130
1131
1131
1134
1136
1141
1143
1146
1147
1150
1151
1153
1153
1154
1154
1155
1157
1158
1159
1164
1167
1169
1169
1170
1173
1175
1176
1177
1180
1184
1185
1186
1188
1190
1193
1194
1196
1198
1200
1202
1204
1205
1208
1208
1210
1211
1215
1216
1221
1222
1224
1226
1228
1230
1233
1236
1237
1238
1241
1243
1243
1245
1246
1248
1249
1251
1253
1254
1255
1261
1264
1265
1265
1268
1270
1272
1272
1274
1279
1280
1280
1283
1288
1292
1294
1295
1298
1298
1300
1301
1302
1307
1309
1313
1315
1319
1319
1319
1321
1322
1323
1326
1332
1335
1339
1341
1342
1342
1345
1346
1347
1352
1356
1357
1357
1359
1360
1360
1360
1364
1365
1368
1371
1373
1377
1377
1379
1382
1385
1385
1387
1387
1388
1391
1391
1392
1393
1396
1400
1403
1408
1410
1410
1412
1413
1413
1416
1419
1420
1422
1422
1424
1427
1428
1431
1434
1436
1437
1440
1442
1445
1448
1450
1450
1451
1453
1454
1456
1459
1464
1466
1466
1469
1473
1478
1482
1484
1485
1487
1489
1491
1493
1494
1494
1495
1495
1496
1499
1499
1501
1501
1502
1505
1505
1507
1509
1509
1510
1511
1513
1518
1518
1521
1524
1526
1527
1528
1530
1530
1533
1537
1544
1546
1547
1549
1551
1554
1555
1557
1559
1560
1562
1565
1568
1568
1570
1571
1572
1575
1578
1580
1582
1582
1582
1583
1586
1587
1588
1589
1592
1593
1593
1595
1595
1596
1598
1598
1599
1601
1602
1605
1606
1608
1609
1610
1613
1615
1617
1621
1623
1628
1629
1629
1629
1631
1634
1638
1640
1641
1645
1646
1647
1652
1658
1660
1661
1662
1662
1664
1664
1665
1670
1672
1673
1674
1676
1676
1677
1677
1682
1683
1685
1689
1693
1694
1694
1698
1701
1704
1706
1706
1708
1710
1711
1714
1720
1726
1731
1733
1733
1735
1738
1741
1742
1745
1748
1749
1749
1752
1752
1754
1758
1759
1764
1765
1767
1769
1775
1782
1783
1786
1787
1789
1791
1792
1795
1797
1799
1800
1802
1807
1808
1808
1811
1814
1818
1821
1826
1829
1830
1832
1837
1839
1841
1842
1847
1848
1853
1856
1858
1859
1859
1863
1865
1866
1867
1868
1871
1873
1875
1875
1880
1880
1883
1883
1884
1886
1888
1888
1891
1892
1895
1896
1897
1897
1898
1901
1902
1903
1906
1906
1910
1910
1912
1914
1915
1915
1917
1919
1921
1927
1932
1934
1934
1938
1940
1946
1948
1952
1954
1958
1961
1961
1964
1965
1966
1967
1969
1971
1973
1975
1976
1977
1978
1982
1984
1985
1988
1990
1992
1992
1993
1995
1998
2001
2003
2006
2007
2008
2008
2009
2010
2010
2012
2014
2016
2019
2020
2020
2023
2025
2026
2028
2031
2032
2033
2037
2037
2039
2040
2041
2042
2045
2048
2051
2054
2054
2056
2057
2060
2061
2063
2067
2071
2075
2078
2080
2082
2085
2087
2087
2089
2091
2091
2093
2093
2096
2098
2099
2100
2104
2105
2108
2110
2111
2117
2117
2117
2120
2122
2123
2125
2127
2128
2129
2133
2137
2138
2142
2142
2144
2146
2150
2153
2155
2156
2159
2159
2160
2162
2162
2165
2166
2169
2172
2172
2173
2177
2177
2180
2182
2185
2188
2190
2192
2194
2196
2200
2201
2202
2205
2212
2213
2214
2215
2217
2218
2218
2218
2219
2224
2226
2226
2228
2231
2232
2234
2234
2237
2238
2240
2240
2242
2245
2249
2255
2255
2258
2260
2261
2265
2267
2268
2271
2271
2274
2276
2279
2281
2284
2285
2287
2290
2295
2299
2299
2302
2307
2309
2313
2317
2317
2320
2324
2325
2328
2330
2331
2335
2340
2342
2345
2349
2351
2356
2356
2357
2359
2359
2362
2363
2364
2366
2367
2369
2373
2374
2376
2377
2378
2381
2383
2385
2385
2385
2387
2388
2388
2389
2393
2395
2396
2399
2402
2404
2405
2406
2407
2408
2411
2414
2418
2421
2422
2423
2425
2426
2428
2430
2431
2433
2436
2437
2440
2444
2446
2449
2449
2449
2451
2452
2457
2459
2462
2463
2465
2466
2467
2467
2470
2473
2475
2476
2477
2480
2481
2482
2483
2485
2485
2489
2494
2495
2496
2496
2497
2501
2503
2504
2507
2508
2510
2513
2516
2516
2517
2517
2517
2518
2520
2523
2523
2524
2528
2530
2531
2532
2535
2536
2539
2541
2544
2545
2547
2548
2554
2555
2555
2555
2556
2559
2560
2562
2565
2566
2567
2571
2573
2576
2578
2582
2583
2583
2583
2586
2589
2591
2596
2597
2602
2605
2607
2609
2609
2611
2615
2619
2621
2623
2625
2628
2631
2632
2633
2638
2639
2643
2645
2648
2650
2650
2652
2656
2658
2662
2664
2665
2666
2668
2670
2670
2672
2676
2677
2677
2679
2681
2682
2683
2684
2687
2690
2692
2693
2693
2694
2697
2700
2700
2701
2701
2704
2706
2710
2711
2712
2714
2716
2719
2722
2723
2725
2729
2736
2738
2740
2742
2744
2746
2748
2749
2753
2756
2760
2761
2763
2765
2765
2768
2770
2773
2774
2775
2779
2780
2781
2786
2789
2792
2792
2794
2795
2795
2797
2798
2798
2800
2800
2803
2804
2805
2809
2810
2810
2813
2814
2816
2817
2818
2821
2824
2826
2827
2829
2831
2832
2832
2836
2838
2844
2845
2848
2849
2852
2855
2856
2858
2860
2860
2862
2864
2865
2868
2870
2870
2871
2873
2878
2878
2880
2880
2880
2880
2881
2882
2883
2883
2886
2886
2888
2892
2893
2896
2896
2897
2901
2903
2905
2907
2909
2912
2913
2914
2915
2915
2918
2921
2924
2924
2926
2929
2931
2932
2933
2938
2941
2941
2943
2945
2949
2951
2953
2954
2954
2955
2956
2958
2962
2963
2965
2969
2973
2975
2976
2980
2982
2983
2984
2986
2988
2992
2993
2999
238
712
676
531
998
363
663
854
618
824
642
637
763
184
999
328
113
742
971
243
747
357
779
267
107
935
259
24
639
204
195
188
284
548
915
157
905
160
657
144
751
537
835
894
24
382
224
906
749
633
157
102
572
407
983
654
159
610
529
180
535
281
259
18
11
63
767
906
614
764
178
115
868
884
911
512
435
399
876
627
462
203
778
928
644
957
671
193
139
755
586
590
61
306
834
483
207
629
161
433
856
412
119
83
349
278
406
998
52
882
966
207
876
670
865
164
578
508
46
941
215
860
322
456
902
203
855
119
631
609
621
701
117
730
147
39
62
404
828
867
61
65
67
24
805
341
530
62
741
224
63
149
847
82
823
432
216
812
643
364
803
215
303
914
710
535
339
269
685
490
974
505
97
268
71
43
800
760
967
628
485
437
408
983
138
438
211
991
875
755
217
634
810
470
656
363
388
463
843
236
466
782
807
81
138
946
785
862
853
689
643
19
597
726
223
821
381
337
150
737
432
963
314
974
9
265
702
729
892
659
137
901
672
407
990
966
5
305
781
686
28
995
278
59
907
56
43
606
217
971
648
467
396
790
688
621
997
512
640
784
709
695
295
910
587
955
733
918
167
645
697
267
275
437
963
742
279
551
424
717
110
879
947
353
98
87
178
779
948
557
37
469
555
687
606
946
414
17
853
525
792
304
524
817
782
60
403
812
746
67
266
159
987
104
656
396
355
744
156
366
549
154
16
640
18
637
453
719
483
492
660
352
20
149
203
228
210
16
569
42
464
640
383
49
457
582
413
696
130
795
756
882
784
332
564
338
783
742
653
529
369
970
597
987
620
456
445
28
138
635
200
908
22
652
306
455
977
194
589
256
852
5
506
228
798
483
12
975
464
673
460
422
425
301
37
182
982
407
247
810
12
343
939
411
567
465
943
634
655
719
484
179
923
635
532
160
53
33
11
450
352
47
41
397
550
427
226
311
160
413
815
250
88
315
371
312
218
674
519
52
75
275
73
919
121
762
90
214
551
882
961
570
401
727
103
706
18
66
292
568
598
697
382
209
820
160
566
184
586
548
795
718
658
879
771
745
368
624
868
403
671
977
533
391
737
418
954
865
95
706
802
358
0
546
469
6
254
352
658
917
194
627
596
401
884
211
551
427
291
243
323
971
737
321
183
274
442
796
986
595
23
10
952
859
626
393
328
651
542
345
956
108
561
464
149
610
707
580
133
8
600
860
897
567
81
77
325
347
818
298
315
836
900
831
490
256
216
133
291
914
710
44
374
117
976
134
384
982
22
384
460
675
492
12
579
926
507
954
538
766
429
462
253
276
620
225
839
435
620
126
953
352
580
271
663
736
193
75
147
501
114
848
40
180
575
818
548
801
328
210
338
502
348
213
962
772
518
106
985
995
272
212
970
621
583
349
875
564
488
707
256
831
568
482
791
447
52
255
968
557
926
270
475
572
458
640
262
5
793
310
917
458
933
717
709
836
767
623
521
554
168
531
447
994
383
793
104
348
463
169
311
77
689
64
658
195
265
506
698
748
771
499
950
270
312
554
819
337
512
316
532
43
638
296
159
243
205
138
652
996
370
361
676
423
151
7
555
237
804
569
814
837
920
922
418
723
354
362
859
494
870
998
864
722
361
93
449
2
374
696
75
616
154
632
900
704
442
662
230
962
175
855
354
822
596
577
212
857
829
278
363
771
849
665
864
392
749
645
429
655
629
716
388
743
104
867
18
225
337
537
814
164
655
905
282
803
279
427
931
568
523
421
987
558
842
631
93
379
487
547
402
786
765
233
691
377
801
261
902
965
619
151
123
987
476
913
208
427
30
904
889
797
439
222
248
433
501
390
935
776
820
148
843
231
874
970
61
988
897
905
44
678
818
20
111
194
518
85
857
780
597
415
196
667
423
416
42
795
167
418
528
210
919
623
142
411
701
411
413
361
234
776
804
933
771
385
192
660
355
411
685
135
892
193
399
251
384
807
208
379
852
287
879
105
72
42
401
30
952
294
530
134
511
85
88
400
775
717
367
256
690
805
925
462
177
481
802
334
322
363
568
205
510
619
158
801
882
929
607
180
53
593
177
677
850
515
736
597
165
793
462
329
326
698
191
283
462
806
493
290
445
31
460
457
867
94
337
162
563
189
266
854
196
602
967
95
688
122
975
845
707
140
242
92
717
782
546
765
945
883
699
325
915
396
881
771
612
874
703
599
689
810
447
322
158
186
41
929
199
85
919
389
660
320
965
842
517
980
274
80
589
812
745
284
158
461
362
827
847
346
792
759
520
304
401
605
771
311
709
542
80
796
345
184
285
51
580
739
646
681
450
437
30
349
747
125
810
657
456
990
489
314
408
646
540
214
958
521
721
500
597
520
330
660
384
147
528
145
596
842
765
790
759
525
413
734
21
688
625
175
65
436
953
998
736
334
1
202
349
970
232
562
959
833
76
22
383
17
851
286
519
794
945
505
263
665
883
569
629
558
240
943
473
389
229
14
308
800
155
208
251
998
566
134
787
218
348
614
331
357
140
961
324
139
546
386
635
645
761
920
266
564
897
793
534
981
464
880
561
317
168
551
228
268
196
225
384
449
321
161
359
544
983
221
913
19
932
325
818
704
307
896
371
778
51
285
943
665
298
267
508
166
913
966
316
649
866
869
623
229
38
645
129
838
721
791
962
183
491
39
618
978
915
718
956
456
889
633
807
737
258
248
371
525
521
991
457
649
102
410
175
225
480
267
677
820
466
502
142
120
990
784
649
455
859
57
832
21
923
266
684
615
479
554
737
27
612
686
364
4
590
642
395
451
177
295
858
291
59
316
655
933
125
946
330
414
585
849
231
529
983
920
260
890
248
30
85
42
545
379
387
56
806
909
366
770
18
593
197
90
202
559
178
694
158
4
715
350
678
917
869
695
11
817
164
157
327
125
619
4
769
903
75
102
786
763
933
36
587
131
560
378
820
867
509
518
897
122
927
597
583
698
606
756
748
948
263
353
180
172
900
20
692
673
621
379
996
383
197
151
92
17
815
514
230
973
341
245
110
743
423
488
523
668
158
368
300
2
377
543
579
841
411
988
660
828
49
928
37
827
231
898
111
189
654
214
284
948
1
354
601
456
407
638
951
509
996
611
711
424
712
79
616
114
141
529
125
466
101
340
480
795
443
392
654
798
636
854
639
126
167
734
363
884
131
225
868
345
460
649
475
806
59
415
108
976
480
367
575
730
224
236
267
469
320
975
503
126
329
277
76
858
828
685
876
906
685
0
638
877
379
471
137
329
442
728
592
229
199
158
720
719
588
520
362
361
821
748
963
738
102
993
223
859
717
109
814
60
705
915
969
129
696
528
301
457
925
531
256
594
234
614
104
726
509
65
171
134
5
887
380
659
151
492
230
951
149
6
512
651
345
725
18
825
377
17
882
90
37
990
650
167
999
528
894
922
500
795
84
561
217
861
643
4
27
527
391
473
287
951
27
973
329
849
779
642
633
478
376
420
230
345
502
313
441
402
984
418
862
33
577
139
8
769
409
114
96
940
147
472
171
913
168
606
125
998
98
391
643
886
824
551
985
527
124
322
588
796
146
499
337
328
562
457
872
540
413
690
760
229
167
258
791
505
802
400
693
186
549
84
393
453
309
809
797
237
447
858
384
75
419
358
63
444
461
700
631
96
593
427
832
801
195
481
91
956
514
886
74
148
491
961
986
879
730
360
383
657
211
639
147
308
407
271
574
348
915
403
646
226
601
104
725
370
72
4
786
847
749
671
496
669
61
710
910
374
273
321
609
808
534
41
17
986
329
272
989
360
863
849
587
293
666
526
489
386
403
94
955
467
825
69
497
306
975
624
838
376
768
456
538
429
183
144
100
695
3
465
370
859
54
42
409
372
710
869
620
802
260
855
933
727
916
361
607
52
267
763
992
777
100
837
871
377
362
235
49
585
646
381
61
462
231
697
28
639
858
871
585
362
869
863
994
793
928
480
403
89
316
711
48
30
715
946
431
230
137
813
564
477
47
168
754
454
220
907
474
543
697
29
250
786
811
742
400
593
626
425
109
932
759
17
909
577
648
562
405
267
671
654
367
272
110
53
394
643
399
406
16
383
27
18
712
883
118
179
632
895
127
828
29
583
783
571
396
277
76
15
731
819
476
591
996
859
639
328
245
130
414
216
485
626
561
360
951
361
759
202
610
445
736
325
285
648
874
670
35
484
454
384
894
572
329
644
859
621
419
402
9
196
782
52
579
546
196
542
474
142
98
878
621
138
139
676
651
347
921
766
681
745
435
259
530
295
235
286
129
843
810
592
265
37
519
534
221
556
812
313
588
368
134
106
725
489
395
583
47
112
466
84
323
732
316
404
533
175
986
121
5
255
658
767
107
80
189
848
708
467
279
703
182
232
591
490
562
281
194
626
20
570
86
776
790
314
836
813
258
970
150
386
396
176
668
404
837
756
606
111
516
597
89
861
726
336
872
314
115
655
353
682
915
125
551
362
785
2
530
45
5
758
