1000
1001
1003
1006
1008
1009
1009
1013
1015
1016
1019
1019
1020
1021
1022
1024
1028
1031
1034
1039
1039
1042
1043
1045
1048
1050
1053
1053
1057
1058
1060
1060
1063
1064
1064
1066
1068
1071
1076
1076
1078
1079
1080
1081
1082
1083
1085
1087
1091
1093
1095
1096
1099
1099
1103
1103
1106
1109
1109
1111
1112
1113
1113
1113
1116
1120
1121
1126
1129
1133
1134
1135
1137
1140
1141
1146
1147
1148
1150
1152
1153
1154
1154
1156
1158
1158
1159
1161
1164
1168
1170
1172
1173
1175
1176
1177
1177
1185
1187
1189
1191
1192
1194
1197
1201
1202
1203
1204
1206
1207
1209
1211
1215
1218
1220
1223
1225
1228
1229
1231
1231
1233
1235
1239
1244
1246
1250
1252
1252
1253
1255
1257
1259
1259
1259
1260
1261
1263
1263
1265
1267
1271
1273
1273
1276
1280
1282
1282
1284
1284
1285
1288
1291
1293
1297
1300
1300
1302
1302
1305
1308
1309
1309
1313
1318
1320
1322
1323
1326
1332
1332
1335
1336
1336
1340
1342
1345
1346
1348
1351
1352
1354
1355
1356
1358
1358
1362
1367
1371
1373
1377
1378
1379
1380
1383
1385
1386
1388
1390
1391
1394
1394
1397
1398
1402
1404
1406
1406
1409
1410
1413
1414
1416
1419
1419
1420
1423
1427
1427
1428
1430
1432
1435
1437
1440
1443
1444
1444
1445
1447
1449
1451
1456
1458
1459
1460
1460
1460
1463
1466
1468
1468
1472
1475
1479
1481
1482
1484
1486
1487
1488
1489
1491
1491
1492
1495
1496
1499
1501
1502
1505
1506
1506
1507
1509
1511
1512
1514
1515
1519
1520
1522
1523
1527
1529
1530
1532
1534
1536
1537
1538
1540
1542
1545
1548
1549
1552
1552
1557
1561
1562
1565
1567
1568
1568
1570
1571
1573
1574
1575
1578
1579
1582
1585
1585
1588
1588
1590
1592
1595
1598
1599
1600
1601
1602
1604
1608
1609
1610
1615
1616
1618
1622
1624
1625
1626
1630
1632
1633
1634
1637
1638
1638
1642
1643
1645
1651
1657
1657
1658
1658
1659
1662
1666
1671
1673
1673
1674
1677
1680
1681
1687
1690
1692
1695
1696
1697
1697
1700
1703
1704
1706
1708
1710
1711
1715
1715
1716
1718
1720
1724
1725
1725
1728
1728
1729
1730
1730
1734
1737
1738
1742
1743
1744
1748
1748
1749
1751
1753
1756
1758
1759
1760
1762
1763
1764
1766
1768
1768
1770
1771
1778
1780
1780
1781
1786
1787
1788
1790
1792
1796
1797
1800
1800
1802
1804
1804
1804
1807
1809
1809
1810
1812
1812
1814
1816
1820
1821
1824
1825
1826
1827
1829
1830
1835
1838
1843
1847
1847
1848
1850
1851
1854
1855
1858
1860
1861
1865
1866
1868
1869
1871
1873
1875
1878
1879
1884
1887
1888
1891
1892
1895
1896
1900
1902
1902
1903
1904
1905
1906
1908
1910
1912
1913
1916
1917
1918
1922
1923
1925
1927
1929
1930
1932
1934
1937
1937
1941
1942
1944
1946
1949
1952
1955
1958
1961
1963
1964
1964
1967
1968
1971
1973
1974
1976
1978
1979
1982
1983
1985
1989
1990
1992
1993
1995
1997
1999
2001
2006
2008
2010
2013
2019
2019
2022
2025
2027
2028
2030
2035
2039
2040
2041
2042
2045
2048
2053
2053
2054
2058
2061
2064
2067
2067
2067
2069
2069
2075
2078
2079
2079
2081
2084
2085
2087
2089
2093
2096
2097
2097
2098
2100
2102
2106
2109
2111
2114
2117
2119
2124
2124
2128
2131
2136
2139
2147
2148
2150
2152
2153
2156
2158
2158
2160
2165
2167
2170
2171
2172
2174
2174
2176
2180
2181
2181
2182
2185
2186
2186
2188
2192
2192
2194
2195
2199
2201
2203
2206
2210
2213
2214
2217
2221
2226
2226
2227
2227
2229
2230
2231
2234
2234
2234
2236
2241
2243
2244
2246
2248
2249
2253
2256
2257
2257
2258
2259
2261
2263
2267
2271
2274
2277
2282
2284
2286
2289
2294
2295
2297
2297
2299
2301
2304
2304
2305
2306
2307
2310
2314
2315
2316
2319
2321
2321
2324
2325
2328
2329
2330
2333
2336
2340
2341
2342
2345
2349
2351
2351
2351
2352
2353
2355
2357
2359
2359
2362
2362
2365
2369
2370
2372
2373
2375
2378
2379
2381
2383
2383
2387
2389
2392
2395
2396
2396
2398
2399
2401
2402
2405
2405
2407
2412
2414
2415
2419
2420
2420
2421
2423
2426
2428
2431
2434
2436
2439
2439
2441
2443
2444
2445
2451
2455
2458
2460
2463
2467
2468
2472
2474
2476
2477
2479
2481
2486
2489
2490
2492
2495
2498
2500
2505
2505
2508
2510
2512
2515
2515
2518
2518
2523
2523
2525
2526
2526
2528
2530
2531
2534
2534
2536
2538
2540
2541
2544
2546
2553
2554
2556
2558
2558
2559
2563
2568
2568
2569
2572
2573
2577
2577
2577
2579
2581
2585
2587
2588
2589
2589
2589
2592
2594
2595
2597
2599
2599
2599
2602
2603
2605
2607
2608
2610
2611
2612
2615
2617
2622
2622
2623
2625
2625
2628
2632
2635
2639
2641
2643
2645
2646
2647
2652
2655
2656
2656
2656
2658
2659
2664
2667
2668
2669
2670
2672
2675
2675
2676
2677
2680
2681
2684
2686
2688
2690
2691
2693
2695
2699
2700
2703
2703
2704
2707
2709
2711
2714
2717
2718
2721
2723
2723
2725
2727
2727
2729
2732
2735
2736
2738
2739
2743
2746
2748
2748
2750
2752
2754
2756
2759
2764
2765
2766
2768
2770
2772
2773
2774
2778
2780
2783
2785
2790
2794
2798
2800
2804
2804
2806
2806
2809
2812
2815
2820
2821
2826
2828
2830
2831
2831
2832
2834
2840
2841
2842
2844
2845
2849
2852
2854
2856
2857
2859
2861
2864
2866
2868
2870
2871
2875
2877
2879
2881
2885
2886
2887
2888
2892
2896
2900
2902
2904
2907
2908
2908
2910
2911
2913
2915
2917
2918
2920
2923
2925
2928
2930
2934
2936
2937
2938
2938
2940
2942
2943
2947
2948
2953
2954
2955
2959
2962
2963
2963
2964
2965
2969
2970
2971
2974
2977
2978
2978
2983
2986
2988
2989
2989
2991
2995
2997
2999
2999
2999
2999
360
587
572
578
640
824
615
468
457
45
952
872
258
174
762
771
907
371
215
153
95
954
607
300
626
31
742
554
987
262
829
709
729
87
349
788
196
683
633
106
342
540
253
717
324
962
325
910
961
575
855
567
853
507
757
520
828
530
528
533
822
443
14
242
687
842
916
82
382
188
728
636
910
487
984
539
54
763
776
745
286
915
775
970
5
605
885
286
923
313
868
942
113
287
722
567
655
434
659
664
685
560
971
208
38
86
265
193
936
400
272
806
565
674
284
603
312
890
513
527
222
945
264
972
790
279
269
899
387
616
772
311
755
562
595
97
623
712
230
211
838
901
742
324
346
643
975
138
337
796
673
731
656
431
452
35
527
271
575
402
502
55
555
971
17
895
733
905
780
520
877
628
125
783
377
508
12
896
382
465
937
629
780
811
180
844
341
70
602
669
538
641
213
672
853
310
377
525
653
477
567
736
416
19
881
982
184
922
715
546
318
325
864
320
785
883
489
386
445
48
846
466
598
835
839
298
669
387
713
161
939
374
230
938
346
162
888
895
491
376
399
573
934
369
877
528
583
367
204
91
449
539
790
764
271
516
515
708
552
459
280
600
708
566
852
76
204
182
494
961
606
819
206
736
901
184
527
716
333
217
522
861
572
427
709
287
999
253
524
510
785
420
349
526
969
564
293
827
11
975
908
585
553
944
775
197
709
862
476
984
117
493
317
694
121
700
987
734
319
404
167
579
440
491
485
605
164
241
725
519
416
247
540
500
574
759
988
898
960
706
569
572
738
6
650
397
658
240
662
769
690
293
728
96
878
709
139
867
108
143
245
742
409
634
215
960
741
819
546
227
328
397
509
848
639
35
395
645
230
570
863
236
55
296
907
992
656
499
17
158
589
637
624
342
307
907
670
445
678
598
834
516
461
139
124
142
729
483
507
246
897
54
461
955
471
72
773
976
100
816
627
901
511
185
482
10
144
640
501
920
696
803
573
858
224
516
340
65
223
493
222
417
221
586
555
186
954
810
905
974
594
908
71
120
191
934
646
593
343
468
971
192
524
917
710
379
662
177
554
622
995
872
363
167
305
243
694
33
242
847
768
184
858
208
739
169
889
347
435
457
522
21
150
711
581
827
422
621
683
744
334
746
6
348
906
309
15
729
583
903
65
450
55
834
350
289
750
811
301
333
66
971
129
84
379
399
625
58
859
741
539
745
301
885
528
805
334
391
66
503
135
597
725
351
307
923
992
607
956
62
957
808
46
455
42
888
48
149
773
688
677
267
826
966
964
753
752
153
179
454
533
301
193
376
545
115
767
390
14
334
666
268
275
295
718
423
321
242
399
550
576
282
488
200
862
874
629
261
101
67
63
527
46
815
655
454
493
901
520
162
406
628
537
556
110
163
719
876
967
696
110
835
303
922
910
22
735
900
73
110
22
823
432
739
187
744
897
529
699
850
611
704
269
143
278
656
257
300
432
871
499
606
765
942
878
385
76
832
222
578
377
453
434
97
642
654
724
200
622
19
233
855
357
121
656
73
943
249
746
258
938
152
17
880
805
870
366
929
267
809
281
938
492
482
719
943
618
408
483
917
943
345
816
717
800
905
0
961
784
573
241
440
618
638
454
350
667
124
380
925
722
740
582
123
780
884
8
590
119
122
969
611
297
102
92
340
980
759
597
238
271
367
989
630
35
95
611
950
571
335
112
424
502
67
116
549
425
403
299
279
791
717
422
667
988
459
189
176
187
598
305
534
122
834
472
520
271
643
57
85
389
433
554
851
561
164
803
317
442
455
536
797
702
356
454
185
452
797
490
893
540
467
824
584
105
167
579
223
604
151
893
393
255
303
926
609
917
953
386
388
849
663
845
148
974
969
640
885
81
327
334
916
516
898
403
779
698
983
835
828
341
50
250
728
554
569
798
602
978
980
166
709
363
767
576
552
406
664
30
698
112
508
202
947
610
800
610
699
692
125
265
942
921
710
410
563
81
341
314
408
365
459
294
407
286
773
844
5
250
702
690
395
134
454
705
479
750
203
209
534
648
514
95
113
413
236
3
515
966
804
704
210
555
999
399
706
526
889
779
724
632
161
672
102
697
934
461
607
514
938
569
352
215
908
356
206
537
166
984
946
492
534
36
307
750
994
111
917
876
594
410
166
122
853
486
642
352
314
223
161
691
139
945
635
659
844
637
335
196
836
745
169
218
387
86
884
280
706
803
860
667
674
26
207
718
605
445
93
188
150
776
215
877
935
871
63
464
480
469
130
203
569
221
432
129
839
587
741
782
937
629
167
89
316
807
399
26
896
712
252
144
646
751
825
237
150
102
152
474
143
82
313
64
584
935
124
28
276
331
28
974
698
783
899
30
295
564
462
399
487
549
582
407
485
799
820
317
99
584
561
38
127
274
20
169
412
903
573
559
298
944
883
571
943
840
186
109
959
388
534
306
562
639
621
442
133
570
157
15
240
435
403
472
227
86
317
691
545
975
625
52
538
818
662
403
69
922
550
452
900
533
793
152
660
62
735
720
137
50
920
24
103
634
516
481
435
173
192
846
553
947
385
681
644
545
1
174
146
362
122
752
918
929
944
543
220
170
85
24
442
306
924
340
1
729
417
165
254
730
680
974
912
368
534
263
124
538
416
527
157
226
0
517
198
962
373
818
783
919
994
232
230
490
893
70
281
379
398
602
114
202
628
135
613
598
98
822
438
63
665
884
419
508
167
45
140
335
748
720
479
13
283
849
424
748
968
980
446
947
447
741
865
382
376
331
601
911
2
67
946
356
363
934
551
255
820
240
941
813
342
854
71
198
560
272
14
720
214
600
90
317
862
519
95
308
382
475
19
185
567
497
680
726
771
765
36
498
198
638
958
837
637
363
852
550
188
218
430
721
712
1
100
673
492
341
400
74
821
908
891
571
728
893
190
523
231
728
462
983
730
743
987
175
931
102
342
314
50
679
334
79
195
346
833
176
52
790
497
565
993
177
238
561
426
443
52
732
603
300
394
505
366
929
952
821
827
98
897
115
201
823
101
987
477
641
821
898
77
62
506
288
202
993
655
582
635
840
571
696
256
17
983
864
52
979
980
857
971
33
287
865
910
178
458
494
961
558
449
818
895
162
242
683
959
219
320
719
478
444
532
433
331
727
448
162
408
457
969
332
470
460
504
173
473
137
130
440
149
182
16
158
237
451
253
522
927
71
640
117
109
924
143
359
21
392
508
303
697
353
319
566
626
606
640
737
368
774
49
342
475
281
167
636
699
36
648
922
435
644
179
16
206
262
578
799
649
581
874
78
755
870
664
827
747
87
760
163
860
565
324
748
142
104
721
828
174
246
328
368
956
611
274
518
186
876
185
73
14
650
256
328
500
41
275
258
930
347
751
733
609
735
606
908
957
461
267
488
747
523
291
573
861
290
898
927
732
68
967
26
985
940
932
172
379
733
7
876
39
873
128
789
636
335
298
441
848
244
779
177
894
636
8
791
67
806
819
211
287
906
812
881
455
722
44
158
40
510
785
769
475
433
963
371
853
95
88
897
518
590
91
532
361
899
151
111
778
936
17
765
917
128
871
659
65
771
391
993
564
882
909
77
408
410
437
537
730
447
359
505
405
220
470
277
349
59
772
520
286
885
351
228
861
95
267
773
987
892
885
834
622
928
314
214
358
590
693
561
773
890
186
140
622
537
855
643
668
973
673
30
602
326
671
2
413
523
289
255
153
669
928
733
434
737
27
16
981
339
657
813
399
911
266
202
321
114
434
499
638
73
517
115
681
546
880
34
847
456
96
497
426
851
113
570
843
243
188
768
426
608
331
846
403
138
639
26
780
101
491
623
24
343
820
686
953
245
220
273
930
735
505
753
811
146
308
159
628
192
685
906
110
611
688
184
872
989
47
732
349
790
513
334
241
867
5
763
308
731
993
490
320
762
741
512
89
123
181
335
349
840
773
106
796
958
111
545
503
604
371
46
813
276
808
430
912
894
121
286
475
248
63
819
644
813
412
594
644
420
770
887
87
693
121
95
520
329
948
208
669
780
172
673
432
753
785
957
66
532
324
563
73
214
315
142
543
263
360
88
229
773
259
864
194
8
200
644
483
155
230
748
796
23
689
990
36
323
615
834
582
886
950
43
34
432
424
357
932
789
237
489
573
590
219
567
451
322
562
728
108
282
46
995
716
577
368
959
423
712
755
827
813
668
350
573
746
859
652
951
917
757
988
122
231
618
478
528
512
788
57
519
95
352
481
349
120
119
757
622
944
450
47
335
347
357
354
545
942
545
573
157
65
495
617
485
571
445
610
897
384
913
931
668
5
858
424
228
13
210
284
740
899
284
748
637
882
547
925
696
185
172
691
139
361
23
22
589
779
290
469
289
757
320
609
703
376
429
152
44
87
54
236
270
686
65
821
582
531
428
229
155
75
559
211
438
686
610
686
439
378
832
107
685
434
649
485
161
36
757
650
672
812
15
162
933
394
172
868
381
910
195
282
792
679
875
660
489
591
923
240
472
149
