1000
1001
1002
1006
1007
1008
1011
1013
1018
1020
1020
1024
1027
1028
1030
1032
1035
1037
1038
1040
1042
1044
1045
1046
1049
1051
1051
1054
1054
1056
1056
1057
1059
1061
1061
1061
1063
1064
1068
1070
1072
1074
1079
1082
1083
1085
1087
1088
1090
1091
1095
1097
1099
1100
1102
1103
1104
1106
1107
1110
1113
1115
1117
1119
1120
1124
1127
1129
1129
1130
1130
1134
1135
1137
1138
1142
1146
1150
1150
1153
1154
1158
1160
1160
1160
1162
1163
1167
1168
1169
1173
1176
1178
1178
1179
1183
1184
1185
1186
1189
1190
1191
1191
1195
1197
1199
1199
1203
1204
1205
1207
1209
1212
1214
1218
1218
1219
1219
1220
1220
1221
1226
1231
1233
1237
1239
1241
1242
1245
1247
1249
1252
1254
1254
1255
1258
1259
1261
1263
1264
1267
1267
1270
1271
1272
1273
1275
1276
1277
1278
1281
1283
1284
1287
1287
1288
1292
1294
1295
1298
1299
1299
1301
1303
1306
1307
1309
1313
1315
1318
1322
1324
1326
1329
1332
1334
1337
1338
1339
1342
1345
1346
1347
1347
1350
1352
1353
1353
1357
1360
1362
1364
1366
1367
1369
1371
1372
1374
1379
1380
1382
1385
1386
1386
1388
1389
1391
1395
1396
1401
1405
1406
1406
1408
1408
1409
1415
1416
1417
1420
1421
1422
1423
1426
1428
1432
1436
1438
1442
1444
1447
1448
1448
1449
1450
1454
1457
1460
1462
1464
1466
1467
1471
1471
1474
1474
1474
1475
1479
1479
1483
1484
1488
1489
1490
1491
1492
1495
1497
1499
1501
1502
1505
1509
1513
1513
1518
1523
1527
1531
1534
1536
1536
1537
1537
1539
1542
1549
1551
1552
1552
1552
1556
1558
1559
1560
1565
1570
1570
1570
1571
1571
1572
1576
1577
1580
1583
1589
1590
1592
1593
1595
1597
1599
1602
1604
1607
1608
1611
1612
1614
1616
1620
1622
1623
1624
1625
1627
1628
1630
1632
1634
1635
1635
1637
1637
1640
1643
1645
1647
1652
1653
1656
1660
1662
1665
1667
1668
1669
1670
1671
1671
1673
1674
1675
1678
1679
1681
1685
1686
1687
1693
1693
1694
1696
1699
1702
1707
1709
1710
1712
1716
1717
1719
1721
1723
1726
1727
1730
1733
1736
1738
1739
1741
1744
1748
1750
1751
1752
1753
1753
1756
1758
1762
1763
1764
1767
1768
1771
1772
1774
1777
1778
1779
1779
1780
1781
1783
1785
1786
1789
1793
1794
1796
1798
1801
1806
1809
1811
1814
1818
1819
1819
1819
1821
1824
1825
1827
1828
1829
1831
1831
1831
1833
1833
1835
1835
1839
1842
1844
1844
1845
1846
1849
1850
1852
1854
1858
1860
1864
1868
1873
1874
1876
1879
1882
1886
1889
1894
1897
1898
1900
1902
1905
1908
1911
1912
1914
1915
1917
1922
1924
1926
1932
1934
1935
1936
1937
1941
1943
1947
1947
1947
1948
1950
1952
1953
1955
1957
1959
1963
1964
1965
1969
1969
1969
1973
1976
1977
1981
1983
1986
1989
1991
1992
1993
1993
1993
1995
1996
2001
2002
2003
2006
2007
2008
2011
2012
2016
2020
2023
2024
2026
2027
2031
2033
2033
2034
2034
2035
2036
2040
2041
2042
2042
2043
2045
2046
2047
2049
2050
2051
2052
2055
2057
2059
2062
2063
2064
2068
2070
2071
2074
2075
2076
2077
2080
2082
2082
2084
2084
2087
2088
2091
2095
2096
2097
2099
2099
2103
2105
2106
2107
2109
2111
2113
2114
2114
2114
2117
2118
2118
2122
2125
2125
2127
2133
2135
2137
2139
2140
2142
2145
2149
2150
2152
2154
2154
2156
2160
2163
2164
2165
2166
2167
2171
2173
2173
2175
2176
2178
2180
2183
2184
2186
2188
2190
2190
2191
2195
2197
2199
2200
2201
2206
2206
2209
2210
2214
2214
2216
2218
2218
2221
2221
2223
2224
2224
2225
2226
2228
2230
2233
2236
2237
2239
2241
2245
2248
2250
2251
2251
2254
2259
2260
2262
2266
2268
2270
2275
2276
2278
2279
2281
2282
2284
2287
2287
2287
2291
2293
2297
2297
2300
2301
2303
2306
2309
2310
2311
2312
2314
2319
2321
2324
2328
2330
2335
2337
2340
2341
2342
2343
2346
2348
2352
2354
2356
2358
2358
2358
2361
2362
2364
2365
2366
2367
2371
2371
2373
2373
2374
2375
2375
2375
2375
2378
2382
2383
2384
2385
2386
2388
2394
2395
2398
2399
2401
2404
2408
2411
2412
2416
2418
2421
2428
2432
2434
2435
2435
2437
2440
2443
2445
2447
2449
2453
2455
2458
2460
2460
2460
2463
2465
2467
2468
2470
2473
2473
2476
2479
2482
2483
2487
2488
2492
2493
2496
2497
2497
2499
2504
2508
2510
2511
2512
2512
2514
2519
2520
2520
2524
2526
2527
2528
2529
2530
2531
2531
2535
2535
2536
2538
2539
2539
2539
2543
2546
2548
2552
2555
2555
2556
2557
2561
2565
2566
2569
2569
2570
2572
2574
2576
2578
2580
2583
2586
2588
2590
2592
2593
2595
2598
2600
2602
2603
2603
2605
2609
2611
2613
2615
2622
2626
2628
2629
2634
2639
2639
2642
2648
2650
2654
2655
2656
2658
2659
2660
2660
2663
2667
2667
2671
2673
2676
2680
2681
2682
2683
2687
2687
2691
2691
2692
2695
2696
2697
2697
2698
2700
2700
2702
2705
2705
2706
2708
2709
2714
2715
2715
2715
2720
2723
2724
2727
2728
2734
2734
2738
2740
2746
2748
2749
2753
2757
2760
2761
2763
2765
2766
2766
2768
2771
2773
2773
2776
2779
2780
2782
2783
2786
2787
2788
2790
2792
2794
2797
2800
2801
2803
2805
2806
2809
2812
2815
2816
2821
2821
2823
2824
2825
2827
2833
2835
2838
2839
2840
2843
2844
2846
2849
2854
2855
2857
2859
2863
2866
2867
2870
2871
2872
2875
2879
2882
2884
2884
2886
2888
2888
2890
2893
2893
2896
2897
2898
2900
2902
2905
2910
2912
2915
2918
2919
2920
2920
2920
2928
2931
2933
2935
2936
2938
2939
2939
2941
2943
2946
2949
2952
2955
2959
2961
2962
2964
2964
2966
2968
2971
2972
2976
2977
2979
2980
2986
2987
2989
2990
2991
2995
2995
2995
87
562
250
393
437
519
221
209
974
478
784
462
403
265
199
182
490
911
299
138
203
202
78
744
633
559
785
444
253
771
932
574
711
928
276
993
731
669
793
488
711
333
408
628
940
540
895
681
108
388
869
62
415
820
161
914
828
657
171
711
507
211
636
425
310
576
717
942
744
222
128
596
561
725
955
79
45
497
443
52
179
74
860
645
910
319
40
905
980
697
815
379
881
816
229
456
575
489
645
41
453
902
999
455
759
398
636
408
872
110
669
747
831
876
724
664
633
75
25
165
517
842
882
351
373
342
857
793
331
623
842
955
441
741
74
423
681
260
265
607
942
71
42
878
142
224
331
61
364
264
533
570
9
40
189
571
671
389
430
676
956
281
956
530
206
930
364
0
957
218
846
214
926
112
663
170
151
592
319
160
987
720
791
120
266
374
512
311
614
292
232
264
285
423
802
545
849
500
918
759
769
780
621
722
23
275
433
112
405
58
577
189
233
190
89
109
379
438
349
865
906
223
365
812
549
675
407
261
95
849
284
806
920
353
900
226
859
186
436
822
136
967
297
765
985
889
644
38
442
940
512
793
968
294
970
904
770
381
907
869
125
171
549
9
169
326
983
897
246
825
74
808
246
343
941
322
492
186
235
745
217
710
208
761
570
90
647
609
588
851
616
331
800
803
267
234
905
389
425
93
491
27
219
607
682
588
192
394
63
404
975
178
234
446
291
332
363
798
987
784
619
558
138
90
288
31
437
136
544
458
407
723
941
450
427
271
573
907
475
443
447
165
879
659
41
948
981
191
6
754
641
275
148
264
587
123
280
295
758
734
964
111
79
112
927
182
164
966
535
408
248
802
977
386
445
728
388
816
663
972
631
248
6
694
435
9
675
9
612
261
910
318
309
372
85
534
507
821
395
643
641
991
150
677
4
34
359
745
399
933
431
956
518
88
413
881
399
413
149
88
162
447
3
298
558
788
38
630
275
119
281
874
75
414
381
852
807
874
871
956
122
883
235
932
898
285
49
570
101
810
759
111
552
675
166
157
821
227
148
285
571
463
453
689
893
674
458
324
283
716
503
444
338
260
144
140
759
418
262
194
199
590
511
504
269
427
1
959
723
12
795
721
902
769
284
934
903
837
384
302
830
73
685
245
820
120
873
204
872
248
364
468
580
77
186
996
101
73
885
6
359
843
96
737
845
818
157
994
833
618
734
795
954
250
615
174
534
803
567
844
717
184
710
646
223
474
108
406
15
925
612
187
728
784
877
84
223
724
240
121
587
878
496
256
236
471
878
101
228
170
887
167
865
437
824
99
693
704
920
478
557
132
371
452
187
438
760
795
567
126
872
221
355
7
989
955
944
870
258
876
964
520
765
453
883
608
574
480
649
654
806
574
356
602
205
780
533
36
647
97
810
598
914
874
404
459
433
878
635
205
797
44
93
328
996
146
673
857
240
557
740
767
138
343
501
356
320
865
452
896
653
333
563
936
853
75
155
373
67
661
167
329
19
749
381
436
945
462
911
242
461
623
953
64
610
144
326
899
657
977
920
934
720
627
377
508
116
964
800
425
439
446
64
787
551
122
444
491
953
983
554
299
713
670
551
685
308
327
446
659
544
265
607
211
794
478
936
985
549
608
695
167
262
86
75
119
562
458
991
405
827
571
510
670
448
882
755
901
295
838
939
205
828
564
64
331
527
97
643
799
466
347
48
876
112
437
929
134
334
908
224
862
711
258
640
958
740
196
729
981
863
23
196
820
80
158
964
624
1
164
787
207
860
751
761
673
56
581
217
214
476
629
674
705
890
828
661
6
545
705
644
165
315
467
536
654
110
367
459
275
120
172
487
538
19
57
193
830
573
484
217
215
519
224
25
940
730
843
246
612
923
657
71
101
484
160
36
349
976
973
537
174
250
801
80
214
567
827
991
316
109
959
824
200
865
557
629
124
334
291
380
171
1
905
295
114
819
866
894
729
349
587
920
69
722
925
991
129
41
958
177
242
12
353
501
735
196
753
837
498
349
357
166
177
950
220
368
695
582
174
838
979
531
484
295
328
600
304
52
237
504
55
665
49
922
828
240
766
172
817
366
406
315
815
818
726
964
340
580
749
766
5
336
237
828
519
376
691
821
714
933
404
763
978
504
262
285
676
552
884
975
275
177
803
579
399
697
641
751
4
294
360
996
306
766
752
677
630
425
412
580
451
599
965
662
591
684
734
407
528
18
541
819
999
50
644
6
734
353
161
147
711
284
950
40
446
730
661
890
581
638
103
809
327
444
695
242
250
468
454
542
987
725
957
675
724
34
207
631
944
348
904
756
737
368
249
675
97
995
129
649
840
748
63
214
723
465
2
413
303
743
929
901
951
576
947
810
373
487
784
85
736
960
451
755
552
310
77
207
748
273
193
404
664
913
426
999
785
408
658
22
599
634
488
505
947
172
711
358
403
102
824
715
362
137
119
889
729
355
352
928
532
233
472
614
354
695
927
325
847
435
294
169
221
10
611
634
39
366
1
330
849
373
296
274
431
931
151
992
231
77
236
79
367
412
175
308
305
14
716
720
684
612
50
36
525
847
110
733
476
723
264
484
461
630
498
398
965
449
934
920
798
882
677
919
284
891
439
186
154
163
594
838
248
486
92
922
654
758
612
588
774
39
988
854
874
312
540
485
964
673
452
941
309
705
671
978
820
753
909
73
162
359
910
304
362
154
705
343
560
277
204
575
418
593
98
699
553
269
647
154
689
967
931
267
882
168
106
938
792
69
340
391
679
346
712
20
435
399
223
581
481
507
198
683
717
61
10
561
540
969
908
317
954
57
717
35
747
864
499
668
722
384
208
183
741
477
751
829
374
207
404
490
893
128
43
51
275
820
945
616
153
310
822
883
306
513
731
876
956
924
733
328
306
405
593
345
421
760
30
865
539
843
358
977
178
332
498
402
485
197
89
537
60
847
817
455
929
718
952
640
17
58
880
993
355
368
673
603
79
805
718
740
324
398
600
670
239
400
234
120
512
506
202
83
472
586
481
208
713
626
969
72
723
22
840
162
917
762
631
894
487
574
260
355
832
825
238
869
616
984
747
466
732
293
199
363
555
449
502
47
477
614
974
840
939
293
401
403
609
602
893
935
989
841
275
149
31
544
14
18
493
383
628
678
355
769
466
820
547
965
574
240
636
632
36
274
672
666
825
792
346
574
975
93
255
870
640
107
441
961
173
878
579
252
519
681
507
60
282
840
506
40
461
196
280
386
439
551
498
416
976
16
650
760
692
578
653
487
268
188
490
445
879
914
531
991
510
266
325
385
672
641
70
786
922
521
10
37
903
213
148
691
58
637
534
515
804
911
461
333
912
478
396
641
985
481
973
604
445
898
183
859
532
369
509
593
187
105
246
233
55
816
999
295
732
657
151
397
683
468
126
303
458
999
481
987
461
325
255
713
105
770
133
769
13
898
811
594
825
964
996
894
928
890
310
105
829
5
529
168
280
11
538
979
742
978
395
352
958
878
811
222
937
933
94
966
809
621
719
17
830
130
65
359
254
268
295
318
168
584
375
978
349
155
429
804
195
102
475
273
156
990
801
748
904
672
121
307
920
225
143
501
792
233
311
527
788
773
834
119
847
48
460
886
759
196
48
665
458
460
266
489
438
604
389
261
715
27
646
877
925
235
207
466
124
647
885
916
547
881
291
434
141
775
948
686
718
367
940
431
30
874
402
457
464
372
781
642
833
259
793
409
59
686
830
267
812
842
446
841
257
869
450
371
589
682
704
513
724
709
837
69
63
835
659
417
881
265
274
266
88
557
577
813
664
103
886
120
563
154
225
912
914
330
597
964
65
324
123
755
396
43
948
382
972
387
637
291
328
658
118
435
439
25
838
939
689
135
950
721
301
226
262
57
297
261
226
828
224
598
314
959
651
379
302
59
280
820
317
723
787
284
285
74
735
178
670
216
48
824
843
369
619
63
584
227
648
304
473
265
823
816
849
290
127
550
779
498
401
984
587
644
238
706
439
777
683
22
328
921
140
772
228
753
344
122
370
524
53
255
745
257
133
805
508
438
46
157
119
135
176
635
381
606
44
205
607
7
337
749
750
852
914
537
736
313
912
29
852
824
919
683
105
916
586
346
807
122
440
583
293
933
896
457
593
742
421
652
821
442
276
89
190
555
552
14
777
523
976
380
999
665
85
568
618
228
13
467
921
214
790
583
346
256
707
361
330
991
788
621
372
869
704
21
827
415
129
601
145
173
73
37
301
508
647
335
526
543
860
825
180
870
447
496
524
667
354
341
268
635
40
300
69
85
226
83
651
214
88
506
787
443
384
251
874
434
531
723
461
856
600
777
349
390
188
302
716
485
581
792
192
126
616
130
680
635
133
198
863
753
426
700
4
986
165
720
473
426
929
730
659
195
345
468
799
603
786
451
785
46
182
386
140
354
891
690
361
127
751
974
506
168
766
93
596
300
708
804
442
432
736
208
936
366
570
670
15
267
512
322
777
264
479
766
760
54
929
537
489
