100
101
112
119
125
130
133
137
143
149
153
158
161
168
173
178
183
185
191
191
194
196
200
202
206
207
213
217
222
224
226
229
229
234
236
240
241
243
244
245
246
247
248
248
250
250
251
252
252
252
252
252
254
256
259
260
260
262
264
268
268
271
272
272
272
273
274
274
276
277
277
277
280
280
281
281
283
283
283
284
284
285
285
285
288
288
290
292
293
293
293
293
295
295
297
298
299
299
300
300
301
1
16
55
2
5
20
9
51
7
6
10
0
45
28
7
6
11
9
14
28
0
42
57
13
36
7
21
35
5
22
8
21
70
0
37
3
16
24
1
0
52
66
3
1
0
44
23
19
32
4
40
24
12
0
31
1
55
12
0
27
22
16
60
25
12
1
33
9
35
20
10
11
31
15
29
2
24
2
38
39
90
25
13
42
0
11
6
92
27
34
24
57
59
33
7
0
12
26
24
3
4
11
4
77
74
7
26
6
18
8
13
20
84
70
11
14
29
24
52
20
31
16
10
2
1
26
93
13
13
79
50
9
26
8
70
92
19
56
11
16
12
3
3
5
14
14
8
2
15
7
1
96
31
0
85
53
26
6
52
0
9
82
33
64
18
59
2
67
57
18
11
74
57
82
6
59
5
25
32
94
22
63
22
31
66
98
56
25
90
86
51
85
84
14
33
16
29
72
50
82
